-4.349976	6.431274	6.545410	
-4.506226	6.431274	6.544800	
-4.506226	6.431274	6.544800	
-4.349976	6.431274	6.544800	
-4.506226	6.431274	6.544800	
-4.349976	6.431274	6.545410	
-4.349976	6.431274	6.544800	
-4.506226	6.431274	6.545410	
-4.349976	6.431274	6.545410	
-4.349976	6.431274	6.545410	
-4.349976	6.431274	6.545410	
-4.349976	6.431274	6.545410	
-4.349976	6.431274	6.545410	
-4.349976	6.431274	6.545410	
-4.349976	6.431274	6.545410	
-4.506226	6.431274	6.544800	
-4.349976	6.431274	6.545410	
-4.349976	6.431274	6.544800	
-4.506226	6.431274	6.544800	
-4.349976	6.431274	6.545410	
-4.506226	6.431274	6.544800	
-4.506226	6.431274	6.544800	
-4.506226	6.431274	6.544800	
-4.506226	6.431274	6.544800	
-4.349976	6.431274	6.544800	
-4.506226	6.431274	6.544800	
-4.506226	6.431274	6.544800	
-4.506226	6.431274	6.544800	
-4.506226	6.431274	6.544800	
-4.506226	6.431274	6.701660	
-4.349976	6.431885	6.545410	
-4.349976	6.431274	6.545410	
-4.349976	6.431274	6.544800	
-4.506226	6.431274	6.544800	
-4.349976	6.431274	6.545410	
-4.506226	6.431274	6.544800	
-4.506226	6.431274	6.544800	
-4.506226	6.431274	6.544800	
-4.506226	6.431274	6.545410	
-4.349976	6.431274	6.545410	
-4.506226	6.431274	6.544800	
-4.506226	6.431274	6.544800	
-4.506226	6.431274	6.544800	
-4.506226	6.431274	6.544800	
-4.349976	6.431274	6.544800	
-4.506226	6.431274	6.545410	
-4.506226	6.431274	6.544800	
-4.349976	6.431274	6.544800	
-4.506226	6.431274	6.544800	
-4.506226	6.431274	6.544800	
-4.506226	6.431274	6.545410	
-4.349976	6.431274	6.544800	
-4.506226	6.431274	6.544800	
-4.349976	6.431274	6.545410	
-4.349976	6.431274	6.545410	
-4.506226	6.431274	6.544800	
-4.506226	6.431274	6.545410	
-4.349976	6.431274	6.545410	
-4.506226	6.431274	6.544800	
-4.506226	6.431274	6.544800	
-4.506226	6.431274	6.545410	
-4.506226	6.431274	6.544800	
-4.506226	6.431274	6.544800	
-4.506226	6.431274	6.544800	
-4.506226	6.431274	6.544800	
-4.506226	6.431274	6.544800	
-4.506226	6.431274	6.544800	
-4.506226	6.431274	6.544800	
-4.506226	6.431274	6.544800	
-4.506226	6.431274	6.544800	
-4.506226	6.431274	6.544800	
-4.506226	6.431274	6.545410	
-4.349976	6.431274	6.545410	
-4.349976	6.431274	6.545410	
-4.349976	6.430664	6.544800	
-4.506226	6.431274	6.544800	
-4.506226	6.431274	6.544800	
-4.506226	6.431274	6.545410	
-4.349976	6.431274	6.544800	
-4.506226	6.431274	6.544800	
-4.506226	6.431274	6.544800	
-4.506226	6.431274	6.544800	
-4.506226	6.431274	6.544800	
-4.506226	6.431274	6.544800	
-4.506226	6.431274	6.544800	
-4.506226	6.431274	6.544800	
-4.349976	6.431274	6.545410	
-4.506226	6.431274	6.544800	
-4.506226	6.431274	6.544800	
-4.349976	6.431274	6.545410	
-4.349976	6.431274	6.545410	
-4.349976	6.431274	6.545410	
-4.349976	6.431274	6.544800	
-4.506226	6.431274	6.544800	
-4.506226	6.431274	6.544800	
-4.349976	6.431274	6.545410	
-4.506226	6.431274	6.544800	
-4.506226	6.431274	6.544800	
-4.506226	6.431274	6.544800	
-4.506226	6.431274	6.544800	
-4.349976	6.431274	6.544800	
-4.506226	6.431274	6.544800	
-4.506226	6.431274	6.544800	
-4.506226	6.431274	6.544800	
-4.506226	6.431274	6.544800	
-4.349976	6.431274	6.545410	
-4.349976	6.431274	6.545410	
-4.349976	6.431274	6.544800	
-4.506226	6.431274	6.544800	
-4.506226	6.431274	6.544800	
-4.506226	6.431274	6.544800	
-4.506226	6.431274	6.545410	
-4.349976	6.431274	6.545410	
-4.506226	6.431274	6.544800	
-4.506226	6.431274	6.544800	
-4.349976	6.431274	6.545410	
-4.349976	6.431274	6.545410	
-4.349976	6.431274	6.544800	
-4.506226	6.431274	6.544800	
-4.506226	6.431274	6.544800	
-4.506226	6.431274	6.545410	
-4.349976	6.431274	6.544800	
-4.349976	6.431274	6.545410	
-4.506226	6.431274	6.544800	
-4.349976	6.431274	6.545410	
-4.349976	6.431274	6.544800	
-4.506226	6.431274	6.544800	
-4.349976	6.431274	6.545410	
-4.349976	6.431274	6.545410	
-4.506226	6.431274	6.544800	
-4.506226	6.431274	6.544800	
-4.349976	6.431274	6.545410	
-4.349976	6.431274	6.545410	
-4.349976	6.431274	6.545410	
-4.349976	6.431274	6.544800	
-4.506226	6.431274	6.544800	
-4.506226	6.431274	6.544800	
-4.349976	6.431274	6.545410	
-4.506226	6.431274	6.544800	
-4.506226	6.431274	6.544800	
-4.506226	6.431274	6.544800	
-4.506226	6.431274	6.544800	
-4.506226	6.431274	6.544800	
-4.506226	6.431274	6.544800	
-4.506226	6.431274	6.544800	
-4.506226	6.431274	6.544800	
-4.506226	6.431274	6.544800	
-4.506226	6.431274	6.544800	
-4.506226	6.431274	6.544800	
-4.506226	6.431274	6.544800	
-4.506226	6.431274	6.544800	
-4.506226	6.431274	6.544800	
-4.506226	6.431274	6.544800	
-4.506226	6.431274	6.544800	
-4.349976	6.431274	6.545410	
-4.506226	6.431274	6.544800	
-4.349976	6.431274	6.545410	
-4.349976	6.431274	6.544800	
-4.506226	6.431274	6.544800	
-4.506226	6.431274	6.545410	
-4.506226	6.431274	6.544800	
-4.506226	6.431274	6.545410	
-4.349976	6.431274	6.544800	
-4.506226	6.431274	6.544800	
-4.349976	6.431274	6.545410	
-4.349976	6.431274	6.544800	
-4.349976	6.431274	6.545410	
-4.349976	6.431274	6.545410	
-4.349976	6.431274	6.545410	
-4.506226	6.431274	6.544800	
-4.506226	6.431274	6.544800	
-4.506226	6.431274	6.545410	
-4.506226	6.431274	6.544800	
-4.349976	6.431274	6.545410	
-4.349976	6.431274	6.545410	
-4.349976	6.431274	6.544800	
-4.506226	6.431274	6.544800	
-4.506226	6.431274	6.544800	
-4.506226	6.431274	6.545410	
-4.349976	6.431274	6.545410	
-4.349976	6.431274	6.544800	
-4.506226	6.431274	6.544800	
-4.506226	6.431274	6.544800	
-4.506226	6.431274	6.545410	
-4.349976	6.431274	6.544800	
-4.506226	6.431274	6.544800	
-4.506226	6.431274	6.544800	
-4.506226	6.431274	6.544800	
-4.506226	6.431274	6.544800	
-4.349976	6.431274	6.544800	
-4.349976	6.431274	6.545410	
-4.349976	6.431274	6.544800	
-4.506226	6.431274	6.544800	
-4.506226	6.431274	6.545410	
-4.349976	6.431274	6.544800	
-4.506226	6.431274	6.544800	
-4.506226	6.431274	6.544800	
-4.506226	6.431274	6.544800	
-4.506226	6.431274	6.544800	
-4.506226	6.431274	6.544800	
-4.349976	6.431274	6.544800	
-4.506226	6.431274	6.544800	
-4.506226	6.431274	6.544800	
-4.506226	6.431274	6.544800	
-4.506226	6.431274	6.544800	
-4.506226	6.431274	6.544800	
-4.506226	6.431274	6.544800	
-4.506226	6.431274	6.545410	
-4.349976	6.431274	6.545410	
-4.349976	6.431274	6.545410	
-4.349976	6.431274	6.545410	
-4.506226	6.431274	6.544800	
-4.506226	6.431274	6.544800	
-4.506226	6.431274	6.544800	
-4.506226	6.431274	6.544800	
-4.506226	6.431274	6.544800	
-4.506226	6.431274	6.544800	
-4.506226	6.431274	6.545410	
-4.349976	6.431274	6.545410	
-4.506226	6.431274	6.544800	
-4.506226	6.431274	6.544800	
-4.506226	6.431274	6.544800	
-4.506226	6.431274	6.545410	
-4.349976	6.431274	6.545410	
-4.349976	6.431274	6.544800	
-4.506226	6.431274	6.544800	
-4.506226	6.431274	6.545410	
-4.349976	6.431274	6.544800	
-4.506226	6.431274	6.545410	
-4.349976	6.431274	6.545410	
-4.349976	6.431274	6.544800	
-4.506226	6.431274	6.544800	
-4.506226	6.431274	6.544800	
-4.506226	6.431274	6.544800	
-4.506226	6.431274	6.544800	
-4.506226	6.431274	6.544800	
-4.506226	6.431274	6.545410	
-4.506226	6.431274	6.544800	
-4.349976	6.431274	6.545410	
-4.349976	6.431274	6.544800	
-4.506226	6.431274	6.544800	
-4.506226	6.431274	6.545410	
-4.349976	6.431274	6.545410	
-4.506226	6.431274	6.544800	
-4.506226	6.431274	6.544800	
-4.506226	6.431274	6.544800	
-4.506226	6.431274	6.544800	
-4.506226	6.431274	6.545410	
-4.349976	6.431274	6.545410	
-4.506226	6.431274	6.544800	
-4.506226	6.431274	6.544800	
-4.349976	6.431274	6.545410	
-4.349976	6.431274	6.545410	
-4.506226	6.431274	6.544800	
-4.349976	6.431274	6.544800	
-4.349976	6.431274	6.545410	
-4.349976	6.431274	6.545410	
-4.506836	6.431274	6.544800	
-4.506226	6.431274	6.544800	
-4.506226	6.431274	6.544800	
-4.506226	6.431274	6.544800	
-4.506226	6.431274	6.544800	
-4.506226	6.431274	6.545410	
-4.349976	6.431274	6.544800	
-4.506226	6.431274	6.545410	
-4.349976	6.431274	6.545410	
-4.349976	6.431274	6.544800	
-4.506226	6.431274	6.544800	
-4.506226	6.431274	6.545410	
-4.349976	6.431274	6.545410	
-4.349976	6.431274	6.545410	
-4.506226	6.431274	6.544800	
-4.506226	6.431274	6.544800	
-4.506226	6.431274	6.544800	
-4.349976	6.431274	6.545410	
-4.506226	6.431274	6.544800	
-4.506226	6.431274	6.545410	
-4.349976	6.431274	6.545410	
-4.349976	6.431274	6.544800	
-4.506226	6.431274	6.544800	
-4.349976	6.431274	6.545410	
-4.349976	6.431274	6.544800	
-4.506226	6.431274	6.545410	
-4.506226	6.431274	6.544800	
-4.506226	6.431274	6.544800	
-4.506226	6.431274	6.545410	
-4.349976	6.431274	6.545410	
-4.349976	6.431274	6.545410	
-4.349976	6.431274	6.544800	
-4.506226	6.431274	6.544800	
-4.506226	6.431274	6.544800	
-4.349976	6.431274	6.545410	
-4.349976	6.431274	6.544800	
-4.506226	6.431274	6.545410	
-4.349976	6.431274	6.545410	
-4.350586	6.275024	6.545410	
-4.349976	6.431274	6.545410	
-4.506226	6.431274	6.544800	
-4.506226	6.431274	6.544800	
-4.506226	6.431274	6.544800	
-4.506226	6.431274	6.544800	
-4.506226	6.431274	6.544800	
-4.506226	6.431274	6.544800	
-4.349976	6.431274	6.544800	
-4.349976	6.431274	6.544800	
-4.506226	6.431274	6.545410	
-4.506226	6.431274	6.544800	
-4.506226	6.431274	6.545410	
-4.349976	6.431274	6.545410	
-4.506226	6.431274	6.544800	
-4.506226	6.431885	6.701050	
-4.506226	6.431885	6.544800	
-4.349976	6.431274	6.544800	
-4.506226	6.431274	6.544800	
-4.506226	6.431274	6.544800	
-4.506226	6.431274	6.545410	
-4.349976	6.431274	6.545410	
-4.506226	6.431274	6.544800	
-4.506226	6.431274	6.544800	
-4.506226	6.431274	6.544800	
-4.506226	6.431274	6.544800	
-4.349976	6.431274	6.544800	
-4.506226	6.431274	6.545410	
-4.506226	6.431274	6.545410	
-4.349976	6.431274	6.544800	
-4.506226	6.431274	6.544800	
-4.506226	6.431274	6.544800	
-4.506226	6.431274	6.545410	
-4.349976	6.431274	6.544800	
-4.506226	6.431274	6.544800	
-4.506226	6.431274	6.544800	
-4.506226	6.431274	6.544800	
-4.506226	6.431274	6.544800	
-4.349976	6.431274	6.545410	
-4.349976	6.431274	6.545410	
-4.349976	6.431274	6.545410	
-4.349976	6.431274	6.545410	
-4.349976	6.431274	6.545410	
-4.349976	6.431274	6.545410	
-4.349976	6.431274	6.545410	
-4.506226	6.431274	6.544800	
-4.349976	6.431885	6.701660	
-4.349976	6.431274	6.545410	
-4.349976	6.431274	6.545410	
-4.349976	6.431274	6.545410	
-4.349976	6.431274	6.544800	
-4.506226	6.431274	6.544800	
-4.506226	6.431274	6.544800	
-4.506226	6.431274	6.545410	
-4.349976	6.431274	6.545410	
-4.349976	6.431274	6.545410	
-4.349976	6.431274	6.545410	
-4.349976	6.431274	6.545410	
-4.349976	6.431274	6.545410	
-4.349976	6.431274	6.545410	
-4.349976	6.431274	6.544800	
-4.506226	6.431274	6.545410	
-4.349976	6.431274	6.545410	
-4.506226	6.431274	6.544800	
-4.506226	6.431274	6.544800	
-4.506226	6.431274	6.544800	
-4.349976	6.431274	6.545410	
-4.351196	5.961914	5.297852	
-3.569336	6.584473	7.951050	
-4.664307	5.654297	6.386719	
-5.289307	6.431274	7.791748	
-5.131226	6.124878	7.636719	
-4.973755	6.746826	6.856079	
-4.664917	5.335083	5.763550	
-4.509277	6.431274	7.169800	
-4.661865	6.276855	6.544800	
-4.507446	6.273804	6.544800	
-4.506226	6.432495	6.701050	
-4.506836	6.275024	6.388550	
-4.506226	6.431274	6.544800	
-4.506226	6.431885	6.544800	
-4.506226	6.431274	6.544800	
-4.506226	6.431885	6.701050	
-4.506226	6.431885	6.544800	
-4.506226	6.431274	6.544800	
-4.506226	6.431274	6.544800	
-4.506226	6.431274	6.544800	
-4.506226	6.431274	6.544800	
-5.134888	5.499878	7.948608	
-4.823608	4.874268	8.263550	
-4.199829	4.877319	9.204712	
-3.261108	5.660400	9.050293	
-3.258057	6.283569	8.892822	
-3.255615	6.751709	7.488403	
-2.630005	6.901245	5.927734	
-2.316895	6.738281	5.148315	
-1.849365	6.583862	6.242676	
-1.693726	5.964966	8.275757	
-1.228027	5.660400	9.210815	
-3.100586	7.065430	8.422852	
-3.251953	7.841187	6.553955	
-1.062012	8.458252	4.685669	
-1.062622	6.892700	5.146484	
-2.788696	5.804443	7.025146	
-0.602417	6.434326	6.718140	
0.025635	6.583862	3.278809	
-2.003784	7.350464	3.896484	
-1.688843	8.304443	6.873169	
0.031738	7.526245	6.561279	
-0.909424	7.051392	4.367676	
-2.003174	7.361450	5.462646	
-2.001953	8.304443	6.866455	
-1.058350	8.467407	8.436279	
-0.753784	6.749878	7.024536	
-2.937012	10.020142	4.201050	
-4.174805	11.274414	8.269653	
-3.087769	7.683105	5.457764	
-2.004395	7.203979	4.212036	
-1.374512	8.613281	5.624390	
0.189819	8.928833	6.560059	
-1.372070	8.305054	5.306396	
-1.220093	7.518921	4.684448	
-1.376343	8.296509	3.740845	
-2.150879	10.017090	4.841919	
0.820312	9.860840	4.062500	
-1.996460	7.675781	7.637329	
-4.812012	8.623047	5.927124	
-1.375122	7.520142	4.996948	
-0.593262	8.774414	7.653809	
-0.747681	7.835693	4.372559	
0.350952	9.851074	2.033081	
0.350952	9.851074	1.406860	
0.038452	9.536133	1.406860	
0.348511	9.224854	2.345581	
0.349731	9.389038	4.063721	
0.036011	9.232788	3.436279	
-0.275879	9.541626	2.188110	
0.505981	9.540405	2.189331	
0.505981	9.384155	2.502441	
0.660400	9.071655	2.345581	
0.504150	9.072266	2.500610	
0.348511	9.229736	2.814941	
0.817871	9.541626	2.503662	
0.819702	9.854126	2.658081	
0.350342	8.917847	3.438721	
0.345459	8.765869	4.533081	
0.505371	10.329590	4.064331	
0.508423	9.545288	3.596191	
0.661621	9.544678	2.814331	
0.194092	9.382935	1.562500	
0.036011	9.695435	3.125000	
0.039062	10.015259	4.063110	
0.038452	9.859009	3.281860	
0.509644	10.478516	2.033691	
0.819702	9.227295	2.503662	
1.129150	9.540405	2.348022	
1.134033	10.325317	4.691162	
0.820923	9.865112	5.158691	
0.661621	8.923340	3.596802	
0.817261	10.325928	3.753662	
1.292114	10.482788	2.973633	
1.289062	9.230957	3.911133	
0.972290	8.923950	4.690552	
0.973511	9.236450	4.381104	
1.910400	8.923950	4.851685	
1.909180	8.767700	3.912354	
1.754150	9.076538	3.913574	
1.909180	8.610840	4.852295	
2.377319	8.457642	4.695435	
1.906128	7.673340	4.384155	
2.998657	8.453369	3.605347	
3.004150	9.230957	2.824097	
3.159180	8.757935	0.950317	
3.472900	9.066162	1.419067	
2.848511	9.382935	2.197266	
2.536621	9.539185	2.041016	
2.850952	10.007935	2.199707	
3.319702	9.696655	2.355957	
2.849731	9.539795	1.885986	
2.850342	9.850464	1.729736	
3.164673	10.007935	2.513428	
3.320312	10.009155	2.199707	
3.164062	10.319824	1.574707	
3.009644	10.162964	2.198486	
2.849731	9.229126	2.824097	
3.005371	9.541626	2.355957	
3.475342	10.164795	2.045898	
4.102783	10.162354	1.265869	
3.944092	9.066772	1.419067	
3.002930	8.756714	1.885376	
2.534180	8.757324	1.728516	
2.691650	9.536743	0.791626	
2.694702	10.002441	0.790405	
2.382812	9.692383	1.571655	
2.537231	9.537354	1.729126	
2.380371	9.071045	2.664795	
2.066650	9.229736	2.819824	
1.911011	9.541626	2.975464	
1.599731	9.387817	3.444214	
1.911621	9.387207	2.977295	
2.380371	9.073486	2.821655	
2.379150	9.074097	3.289795	
1.441650	8.918457	2.973633	
1.909790	9.230957	3.444214	
1.599121	9.388428	3.287354	
1.755981	9.701538	3.913574	
1.756592	9.546509	3.754272	
0.974731	9.232788	3.597412	
1.129761	9.232178	3.286133	
1.286621	9.542847	2.973633	
1.286621	9.230957	3.442993	
1.442261	9.234009	4.380493	
1.442261	8.923340	4.067993	
1.283569	8.609619	4.379272	
-0.433350	8.766479	4.373779	
-0.278931	8.766479	4.530029	
-0.122070	8.767700	4.530640	
-0.278320	8.610229	4.216919	
-0.592041	8.452759	3.746948	
-0.748901	8.139038	3.903198	
-0.750122	7.984009	4.528809	
-0.280762	8.142090	4.373779	
-0.280762	8.297729	4.373169	
-0.592651	8.297729	4.372559	
-0.593262	8.142090	4.528809	
-0.437622	7.985840	4.528809	
-0.593262	8.298950	4.840698	
-0.748291	8.612671	4.997559	
-0.591431	8.612671	4.996948	
-0.903931	8.612061	4.840088	
-0.903931	8.612061	4.683838	
-0.747681	8.612061	4.997559	
-0.278931	8.768921	5.155029	
0.034790	9.082642	5.000000	
0.191650	8.925781	4.844360	
0.033569	8.299561	4.531250	
0.030518	7.829590	4.531860	
0.343018	7.832031	5.158081	
0.812378	7.989502	5.316162	
1.125488	7.989502	5.161133	
1.123657	7.519531	5.004272	
1.122437	7.206421	4.848022	
1.121826	7.518921	5.160522	
1.125488	8.458252	5.473633	
1.439209	8.770752	5.318604	
1.596680	8.770752	5.161743	
1.595459	8.300781	4.849854	
1.751709	8.457031	5.163574	
2.064209	8.613892	5.008545	
2.534180	9.081421	5.010986	
2.849121	9.394531	5.167236	
3.004150	8.614502	5.168457	
3.314819	8.768311	4.543457	
3.002930	8.612061	5.011597	
3.157959	8.613281	5.011597	
3.001709	8.300781	4.855957	
3.472900	8.609619	4.387817	
3.313599	8.142700	4.700928	
3.468628	7.675171	4.857788	
3.623657	7.830200	4.232788	
3.779907	7.515259	3.920898	
3.779297	7.359009	3.920898	
3.622437	7.515869	4.389038	
3.625488	8.768921	5.014648	
3.941040	8.767700	3.922119	
3.939819	8.920288	3.765259	
3.941650	8.764038	3.453369	
3.784180	8.763428	3.764038	
3.627930	8.452759	4.076538	
3.625488	7.985229	4.232788	
3.625488	8.453369	4.077148	
3.782959	8.297119	4.077148	
3.781128	7.983398	3.607788	
3.469849	8.764038	3.762207	
3.002930	8.920288	3.135986	
2.848511	9.386597	2.824707	
3.004150	8.759766	2.352905	
2.064209	7.977905	2.037964	
1.594238	8.757324	2.193604	
1.911621	9.854736	3.446045	
2.070923	10.014648	3.287964	
1.758423	10.167847	2.664185	
2.227783	10.322266	2.664795	
2.071533	9.385986	2.823486	
2.999878	7.821655	1.569824	
1.594849	9.380493	2.037354	
1.603394	11.105957	3.755493	
1.451416	11.891479	4.536133	
1.140747	11.891479	3.911133	
1.452026	11.577148	3.442993	
1.138916	12.199707	3.128662	
0.676880	14.076538	4.064941	
0.993652	13.923340	4.379272	
1.144409	12.359619	3.909912	
0.827026	11.421509	3.751831	
0.200195	11.419067	2.656250	
-0.260620	16.259155	3.748169	
-0.246582	15.020142	5.157471	
1.748657	7.354126	2.350464	
1.902466	6.727295	2.507935	
2.212524	6.104126	2.821045	
1.896362	4.855347	3.132324	
1.892700	4.543457	2.820435	
2.049561	4.541626	2.663574	
1.579590	4.230347	2.973633	
1.267090	4.699097	2.973633	
1.268921	4.855957	3.129883	
1.425171	4.855957	3.131104	
1.893921	5.011597	2.821045	
2.363892	5.322876	2.665405	
2.520752	5.635376	2.666016	
2.681274	7.664795	1.572266	
2.534790	9.535522	0.790405	
2.379761	8.752441	0.946655	
2.378540	9.852295	3.759155	
2.387695	12.830200	4.852295	
2.082520	12.360229	3.289185	
2.390747	12.044067	3.446655	
2.390747	12.200317	2.666016	
2.704468	12.352905	2.354126	
2.705078	12.977295	2.199097	
3.176880	13.758545	2.512207	
3.179932	14.071045	1.417847	
3.023682	13.909302	0.635376	
2.866821	13.907471	-0.145874	
3.022461	13.596191	1.419067	
2.865601	13.911743	1.571045	
1.304321	13.599243	0.783081	
-0.104980	12.969360	-0.158081	
-0.576782	11.558838	-1.253662	
-0.893555	11.558228	-0.158691	
-0.424805	10.938110	0.936279	
-0.114136	10.942383	1.248779	
-0.425415	11.096802	0.466919	
-0.269775	10.624390	-0.156250	
0.352783	10.001221	0.783691	
0.819092	9.223022	1.409302	
0.814819	8.131714	1.877441	
0.968018	7.664795	2.349243	
1.749878	8.442993	0.632935	
3.010864	11.085815	-2.175903	
3.012695	11.867065	-1.706543	
3.172607	12.493896	-1.394043	
3.018188	13.275146	-1.864014	
2.709351	14.053955	-2.333984	
2.711792	14.521484	-2.645264	
2.711792	14.363403	-3.114624	
2.711182	14.519043	-3.270874	
2.714233	15.144043	-3.270264	
2.714233	14.829712	-3.584595	
2.399292	14.049683	-2.959595	
2.395630	13.112793	-3.741455	
2.238159	12.485962	-3.584595	
2.391357	12.015381	-3.740234	
2.543945	10.767212	-3.739624	
3.009033	10.299683	-1.862793	
3.162842	9.525757	-2.330933	
3.472290	8.428345	-1.704712	
3.624268	7.650146	-1.235352	
3.777466	6.557617	-1.234741	
3.928833	5.775757	-1.547241	
3.927002	5.464478	-0.454102	
3.770752	5.311890	0.013428	
3.301392	5.312500	0.012207	
2.990112	5.623779	-0.614624	
2.363892	5.309448	-0.460815	
1.895142	5.312500	0.164185	
2.208862	5.626221	0.789795	
2.367554	6.723633	1.415405	
2.373047	7.974854	1.727905	
2.376099	8.757324	1.884155	
2.379150	9.225464	1.571655	
2.536621	9.694214	1.573486	
3.164062	10.317383	1.107178	
3.791504	10.784912	1.109619	
4.417114	10.941772	1.112061	
5.043335	11.254883	1.427002	
5.512695	11.566772	0.803223	
5.670776	11.566772	0.803223	
5.669556	11.251831	0.178833	
5.981445	11.251831	0.647583	
5.824585	10.313110	-1.853027	
5.979004	10.459595	-2.319336	
6.602173	11.083984	-0.755005	
6.760864	9.376221	-1.068115	
6.441650	8.898926	-1.538696	
5.816040	9.370728	-1.228638	
5.347290	8.743286	-1.698608	
5.189819	8.744507	-1.229858	
5.189819	8.745728	-1.072998	
5.344849	8.276367	-1.229248	
5.499878	7.963867	-1.228638	
5.498657	7.807007	-1.539917	
5.966797	7.492676	-2.164917	
5.654297	7.805176	-1.853638	
5.342407	7.960815	-2.166748	
5.808716	7.026978	-0.756836	
5.811768	8.430176	-2.166138	
5.343628	7.960205	-2.323608	
5.031128	8.117065	-1.699829	
4.719238	8.430786	-1.544189	
4.876099	8.589478	-1.074829	
5.033569	8.746948	-1.229858	
5.190430	8.743286	-1.542969	
5.032959	8.275146	-1.386719	
5.032959	9.214478	-0.917969	
5.192871	9.527588	-1.072998	
5.660400	9.057617	-1.383667	
5.816040	9.056396	-1.695557	
6.129761	9.679565	-2.162476	
6.756592	10.147705	-2.160645	
6.914673	10.303955	-2.005615	
6.290283	10.774536	-1.383667	
5.354004	10.464478	-0.917969	
4.883423	10.151978	-1.231079	
5.037842	9.525757	-1.386719	
5.192871	9.682617	-1.072998	
5.505981	9.683228	-1.227417	
5.975952	10.150757	-1.538696	
6.133423	10.149536	-1.696167	
5.507812	9.993896	-1.387329	
4.568481	9.370117	-0.921021	
3.941650	8.903198	-0.454102	
3.627319	8.592529	-0.299683	
2.059326	7.183838	-0.773315	
2.214966	7.184448	-0.928955	
2.371826	7.496338	-0.928345	
2.373657	7.964478	-1.084595	
2.374878	8.276978	-1.240845	
2.219849	8.433228	-1.085205	
2.219849	8.588867	-1.241455	
2.377319	8.901367	-1.240845	
2.534790	9.370728	-1.239624	
3.005981	10.463257	-1.235962	
4.260254	10.306396	-2.013550	
4.725952	9.679565	-1.700439	
4.411621	9.214478	-0.296631	
3.941040	8.906860	0.483398	
3.786011	9.376221	-0.141602	
3.787842	10.155029	-0.140381	
4.256592	10.624390	0.328369	
4.107056	9.846191	0.329590	
4.567261	10.002441	1.111450	
4.572144	10.943604	1.735229	
4.106445	11.099243	0.795898	
3.793335	11.094360	-0.298462	
3.792725	10.778809	-0.922241	
4.255981	9.215088	-1.232300	
4.724121	9.212646	-1.075439	
4.877319	5.933838	-1.699219	
5.175171	7.336426	-1.074219	
5.029907	7.965698	-0.761719	
5.186768	7.653198	-0.604858	
5.341797	8.123779	0.020752	
5.343018	7.186890	-0.447998	
5.341797	7.966919	-0.447998	
5.498657	7.966309	-0.603638	
5.343628	8.122559	-0.916748	
5.343018	8.121338	-0.916748	
5.344238	8.277588	-1.073608	
5.188599	8.432617	-1.230469	
4.876099	8.588257	-1.387939	
4.720459	8.588257	-1.387939	
4.720459	8.745117	-1.231689	
4.565430	8.745728	-1.076050	
4.407959	8.901367	-1.077271	
3.328247	12.333374	-3.112183	
3.171997	11.862793	-3.114014	
2.702026	11.862793	-3.270264	
2.858276	11.549683	-3.269653	
3.483276	11.707153	-2.954712	
3.479614	10.924683	-3.269043	
3.010864	10.769653	-3.114014	
2.695312	9.674683	-3.115234	
2.536621	9.364014	-2.958984	
2.379150	9.050293	-2.958984	
2.377930	8.895874	-2.647095	
2.222290	9.208374	-2.492676	
0.973511	9.678345	-2.187500	
-0.119019	9.522705	-2.188721	
-0.587158	9.522095	-2.658691	
-0.590210	9.050293	-2.344360	
0.346680	8.586426	-1.718750	
-0.278320	9.211426	-1.721191	
-1.058350	9.211426	-1.880493	
-1.682739	9.523315	-2.037354	
-1.369629	9.366455	-1.879883	
-1.058350	9.055176	-1.253662	
-0.747070	8.590088	-0.316162	
-1.061401	8.436279	-0.004883	
-1.373291	8.593140	-0.005493	
-1.215820	9.218140	-0.161133	
-1.526489	9.528809	-0.476074	
-2.151489	9.061890	0.459595	
-2.308350	9.220581	0.772705	
-2.151489	9.223022	1.710205	
-2.307739	9.695435	2.178345	
-2.304077	10.631714	1.553955	
-2.145996	10.473022	1.242065	
-1.991577	9.849854	2.179565	
-1.994629	8.759766	2.960815	
-1.842041	8.137207	3.430786	
-1.531372	7.981567	3.588867	
-1.062622	7.982178	3.590088	
-0.905762	8.607178	3.590088	
-0.745850	9.387817	3.278198	
-0.586548	10.012207	3.278809	
-0.897217	10.325317	3.432007	
-1.528320	8.917236	2.650146	
-1.682739	9.228516	2.649536	
-1.682739	9.072266	2.648926	
-1.839600	9.072266	2.648315	
-1.995850	8.759766	2.648315	
-1.995850	9.385986	2.805176	
-1.838379	9.071655	2.648926	
-1.996460	8.759766	2.491455	
-2.308960	8.915405	2.490845	
-2.465210	8.915405	2.490845	
-2.153320	8.916016	2.803955	
-2.152710	8.916016	2.647705	
-2.152710	8.916016	2.803955	
-2.308960	8.916626	2.803345	
-2.465210	8.916626	2.802734	
-2.622070	8.760376	2.802124	
-2.622070	8.760376	2.802124	
-2.778320	8.760376	2.644043	
-3.247070	8.915405	2.486572	
-3.557739	9.382935	2.172852	
-3.555298	10.320435	2.173462	
-3.707275	11.413574	1.703491	
-3.860474	11.723633	1.077881	
-4.173584	11.251221	0.296021	
-4.332886	10.468750	-0.017700	
-4.491577	9.998779	-0.330811	
-4.649658	9.530029	-0.173950	
-4.495850	8.905029	-0.173340	
-4.341431	8.436279	-0.017090	
-4.343872	8.124390	-0.017090	
-4.343872	8.280640	-0.173950	
-4.498901	8.592529	-0.173950	
-4.497681	9.061279	-0.173340	
-4.339600	9.217529	-0.017090	
-4.339600	9.218140	0.139160	
-4.340210	8.906860	0.451660	
-4.340210	8.907471	0.607910	
-4.496460	9.064331	0.451050	
-4.495850	9.219971	0.451050	
-4.495239	9.219971	0.451050	
-4.495239	9.064331	0.763550	
-4.496460	8.752441	0.919800	
-4.965210	8.752441	0.761719	
-4.965820	8.752441	0.761719	
-4.965210	8.753052	0.762329	
-4.809570	8.596802	0.918579	
-4.810181	8.596802	0.918579	
-4.653931	8.440552	0.919189	
-4.498291	8.441162	1.232300	
-4.342651	8.285522	1.389160	
-4.185791	8.754883	1.546021	
-4.183960	9.069214	2.170410	
-4.340210	8.758545	2.639160	
-4.342041	8.135986	3.107910	
-4.344482	7.668457	3.421021	
-4.189453	7.670288	4.046021	
-4.188232	8.140869	4.358521	
-4.030151	8.610229	4.515991	
-3.870850	9.392700	4.985352	
-3.712158	9.706421	5.141602	
-3.712158	9.550171	4.985352	
-3.713379	9.080811	4.516602	
-3.715820	8.453979	4.204712	
-3.405762	8.140869	4.205933	
-3.093872	7.984009	4.050293	
-2.938232	7.827759	3.894653	
-2.938232	7.670898	3.894653	
-2.938843	7.670898	3.894653	
-2.938843	7.670898	4.050903	
-2.938843	7.671509	4.050903	
-2.938232	7.827148	3.894653	
-2.937622	7.983398	3.894653	
-3.093872	7.983398	3.894043	
-3.249512	8.139648	3.737183	
-3.249512	8.295288	3.736572	
-3.404541	8.451538	3.736572	
-3.404541	8.452148	3.892822	
-3.404541	8.452148	3.892822	
-3.405151	8.295288	3.736572	
-3.404541	8.451538	3.736572	
-3.404541	8.607788	3.735962	
-3.560181	8.607788	3.579712	
-3.560181	8.450928	3.735962	
-3.560791	8.295288	3.735962	
-5.119629	9.385376	2.636108	
-4.963989	8.914795	2.168579	
-4.808960	8.757324	1.856689	
-4.652710	8.911743	1.387939	
-4.652100	9.066772	1.075439	
-4.651489	9.065552	0.763550	
-4.496460	8.752441	0.919800	
-4.497681	8.284912	1.232300	
-4.499512	7.973022	1.231689	
-4.656982	7.973633	1.387329	
-4.812622	7.974243	1.387329	
-4.812012	7.973022	1.387329	
-4.812622	7.974243	1.544189	
-4.812622	7.817993	1.543579	
-4.813232	7.817993	1.542969	
-4.969482	7.973633	1.386108	
-5.123901	8.441772	1.229248	
-5.278931	8.598022	1.228638	
-5.434570	8.910522	1.228638	
-5.433960	8.911133	1.384888	
-5.433960	8.911133	1.541138	
-5.433960	9.068604	1.697388	
-5.277710	8.912354	1.697998	
-5.278320	8.599854	1.698608	
-5.122681	8.600464	1.698608	
-5.122681	8.599854	1.698608	
-4.966431	8.599854	1.699219	
-4.966431	8.599854	1.699219	
-4.966431	8.599854	1.699219	
-4.966431	8.599243	1.542969	
-4.966431	8.599243	1.542969	
-4.810791	8.442993	1.543579	
-4.810791	8.443604	1.699829	
-4.654541	8.443604	1.700439	
-4.654541	8.600464	1.856689	
-4.653931	8.600464	1.856689	
-4.653931	8.600464	1.856689	
-4.497681	8.444824	2.169800	
-4.498291	8.601685	2.013550	
-4.341431	8.757324	2.170410	
-4.183960	9.070435	2.327271	
-4.339600	9.071655	2.639160	
-3.246460	8.767700	4.675293	
-3.090820	8.767700	4.831543	
-3.090820	8.767700	4.675293	
-3.091431	8.455200	4.675293	
-3.093262	7.986450	4.675293	
-2.937622	7.986450	4.675293	
-3.094482	7.828979	4.362183	
-3.250732	7.829590	4.362183	
-3.406982	7.672729	4.361572	
-3.564453	7.515869	4.048462	
-3.564453	7.515259	4.048462	
-3.720093	7.827759	3.891602	
-3.718872	8.139648	3.891602	
-3.718262	8.139648	3.891602	
-3.717651	8.295898	3.891602	
-3.718262	8.139648	3.891602	
-3.718262	8.139648	3.891602	
-3.718262	8.139648	3.891602	
-3.717651	8.295898	3.891602	
-3.717651	8.139648	3.891602	
-3.718262	8.139648	3.891602	
-3.718262	8.139648	3.891602	
-3.718262	8.139648	3.891602	
-3.718262	8.139648	3.891602	
-3.718262	8.139648	4.047852	
-3.717651	8.296509	3.892212	
-3.717651	8.295898	3.892212	
-3.561401	8.295898	3.892212	
-3.717651	8.295898	3.891602	
-3.717651	8.139648	3.891602	
-3.718262	8.139648	3.734741	
-3.874512	8.139038	3.734131	
-4.030151	8.295288	3.733521	
-4.185791	8.763428	3.576660	
-4.339600	9.232178	3.576050	
-4.494629	9.544678	3.419800	
-4.494019	9.387207	2.951050	
-4.495239	8.917236	2.795410	
-4.340820	8.603516	2.639160	
-4.342041	8.602905	2.326050	
-4.497681	8.601685	2.013550	
-4.497070	8.756714	1.701050	
-4.968262	8.130493	1.542969	
-4.968872	8.130493	1.542969	
-5.124512	8.286743	1.386108	
-5.123901	8.442383	1.386108	
-5.123291	8.442383	1.386108	
-5.122681	8.598633	1.386108	
-5.122681	8.598633	1.229858	
-5.123291	8.441772	1.386108	
-5.123291	8.441772	1.230469	
-4.967041	8.442383	1.386719	
-5.123291	8.442993	1.542358	
-5.122681	8.599243	1.542358	
-4.966431	8.599854	1.699219	
-4.967041	8.442993	1.542969	
-4.967041	8.443604	1.699219	
-4.965820	8.444214	1.542969	
-4.968262	8.443604	1.855469	
-4.965820	8.754883	1.542969	
-4.966431	8.756104	1.542969	
-4.965820	8.599243	1.542969	
-4.966431	8.599243	1.542969	
-4.966431	8.599243	1.542969	
-4.810181	8.599243	1.699829	
-4.810181	8.599854	1.856079	
-4.810181	8.444214	1.856079	
-4.654541	8.444214	2.012939	
-4.653931	8.600464	1.857300	
-4.497681	8.756104	1.545410	
-4.339600	9.380493	1.546021	
-4.182129	9.224854	1.702271	
-4.183350	8.600464	2.171631	
-4.031372	7.509155	2.796631	
-4.035034	6.886597	3.265991	
-3.879395	7.044067	3.578491	
-3.878174	7.670288	3.891602	
-3.717651	8.765259	4.048462	
-3.557739	9.703369	4.361572	
-3.398438	10.172729	4.362183	
-3.241577	10.016479	4.362183	
-3.086548	9.703979	4.520264	
-2.619629	8.923340	4.677734	
-2.310181	8.455200	4.678345	
-2.620850	9.076538	3.895874	
-2.621460	8.920898	3.895874	
-2.621460	8.920898	3.895264	
-2.777100	9.077148	3.895264	
-2.776489	9.233398	3.739014	
-2.776489	9.076538	3.739014	
-2.621460	8.920288	3.739624	
-2.465210	8.920288	3.740234	
-2.465820	8.763428	3.740234	
-2.465820	8.607788	3.740234	
-2.466431	8.451538	3.583984	
-2.467041	8.450928	3.583984	
-2.467651	8.294678	3.427734	
-2.468262	8.294067	3.427124	
-2.623901	8.294067	3.427124	
-2.780151	8.294067	3.270264	
-2.780762	8.137207	3.270264	
-2.937012	8.136597	3.112793	
-3.093262	8.136597	3.112793	
-3.249512	8.292847	3.111572	
-3.404541	8.605347	3.110962	
-3.560181	8.761597	3.266602	
-3.715210	9.074707	3.265991	
-3.870850	9.230347	3.109741	
-4.025879	9.543457	3.109131	
-4.180908	9.699707	3.264160	
-4.336548	9.699097	2.951050	
-4.493408	9.229736	2.795410	
-4.340210	8.759766	2.639160	
-4.497681	8.446655	2.326050	
-4.497681	8.757935	1.857300	
-4.652100	9.380493	1.231689	
-4.650269	9.534912	0.919189	
-4.650879	9.377441	0.762939	
-4.651489	9.064331	0.606689	
-4.652100	8.908081	0.606689	
-4.652710	8.751221	0.450439	
-4.653320	8.751831	0.762939	
-4.653931	8.596191	0.762939	
-4.654541	8.440552	0.919189	
-4.655151	8.284302	0.919189	
-4.655151	8.284302	0.919189	
-5.123291	8.441772	1.229858	
-5.279541	8.441772	1.229248	
-5.278931	8.598022	1.229248	
-5.278931	8.598022	1.229248	
-5.278320	8.754272	1.229248	
-5.122070	8.754272	1.073608	
-5.122070	8.753052	0.917358	
-5.122681	8.596802	0.917358	
-5.122681	8.439941	0.917358	
-5.123291	8.440552	1.074219	
-4.967041	8.441162	1.074219	
-4.967041	8.441772	1.230469	
-4.967041	8.442383	1.386719	
-4.966431	8.754883	1.386719	
-4.808350	9.223633	1.387939	
-4.494629	9.379883	1.388550	
-4.338379	9.067993	1.546021	
-4.028320	8.131714	2.327881	
-4.031982	7.509766	2.952881	
-4.033203	7.668457	3.422241	
-3.875732	8.139038	3.890991	
-3.717041	8.922119	4.360962	
-3.401489	9.548340	4.674683	
-3.243408	9.862671	5.144043	
-3.086548	9.863281	5.144653	
-2.774658	9.394531	5.145874	
-2.463989	8.925171	4.990234	
-2.309570	8.612671	4.991455	
-1.998291	8.456421	4.992065	
-1.998901	8.299561	4.680176	
-1.998901	8.142090	4.523315	
-1.999512	7.985840	4.523315	
-2.000122	7.985840	4.523315	
-2.156372	8.142090	4.522095	
-2.468262	7.985229	4.364624	
-2.625122	7.985229	4.364014	
-2.937012	8.142090	4.519043	
-3.092651	8.454590	4.519043	
-3.248291	8.454590	4.518433	
-3.248291	8.298340	4.362183	
-3.404541	8.453979	4.361572	
-3.403931	8.610229	4.205322	
-3.093262	8.139648	4.050293	
-3.093262	8.296509	4.049683	
-3.248901	8.296509	4.049072	
-3.405762	8.140259	4.049072	
-3.562622	7.983398	3.735962	
-3.719482	7.826538	3.735352	
-3.875732	7.982788	3.578491	
-3.875122	8.138428	3.577881	
-4.030151	8.450317	3.421631	
-4.028931	8.762817	3.422241	
-3.871460	9.075928	3.578491	
-3.870850	9.075317	3.421631	
-4.027100	8.918457	2.952271	
-4.184570	8.760376	2.482910	
-4.497070	8.757935	2.012939	
-4.809570	8.912964	1.699829	
-4.964600	9.067993	1.386719	
-4.964600	8.911133	1.386719	
-4.965210	9.066772	1.074219	
-4.964600	9.223022	1.074219	
-5.120239	9.378052	1.073608	
-5.119019	9.691162	1.072998	
-5.274658	9.691162	1.072998	
-5.119019	9.378662	1.073608	
-5.120850	8.909912	1.074219	
-4.966431	8.597412	0.918579	
-4.810791	8.439941	0.606079	
-4.654541	8.438721	0.450439	
-4.655151	8.282471	0.450439	
-4.811401	8.282471	0.449829	
-4.811401	8.126221	0.449829	
-4.811401	8.282471	0.449829	
-4.811401	8.282471	0.449219	
-4.967651	8.439331	0.604858	
-5.123291	8.439941	0.917358	
-5.122681	8.596802	0.917969	
-4.966431	8.597412	1.074219	
-4.966431	8.598022	1.230469	
-4.966431	8.598633	1.386719	
-4.966431	8.598633	1.386719	
-4.967041	8.442383	1.386719	
-5.123291	8.441772	1.386108	
-4.497681	8.601074	2.013550	
-4.498291	8.444824	2.014160	
-4.342651	8.288574	2.171021	
-4.029541	8.757935	2.171631	
-4.027710	9.071655	2.639771	
-4.182739	9.073486	3.107910	
-4.340820	8.449707	3.576660	
-4.344482	7.358398	4.046021	
-4.034424	7.203369	4.202881	
-4.034424	7.359619	4.359131	
-4.032593	8.142090	4.672241	
-3.873291	8.924561	4.984741	
-3.870239	9.393921	4.984741	
-3.869629	9.393921	4.984131	
-3.870239	9.081421	4.984741	
-3.715820	8.612671	4.829712	
-3.561401	8.143921	4.985962	
-3.406372	7.987061	4.674072	
-3.406982	7.673340	4.517822	
-3.407593	7.517090	4.361572	
-3.408203	7.516479	4.361572	
-3.407593	7.828979	4.205322	
-3.562622	8.140869	4.048462	
-3.717651	8.452759	4.204102	
-3.716431	8.609619	4.204712	
-3.560791	8.453979	4.360962	
-3.405151	8.141479	4.361572	
-3.250122	7.985229	4.362183	
-3.094482	7.673340	4.519043	
-3.095703	7.516479	4.363403	
-2.940063	7.203369	4.207153	
-2.941284	7.046509	4.207153	
-3.096924	7.359619	4.049683	
-3.408203	7.671509	4.049072	
-3.563232	7.827759	4.048462	
-3.562622	7.984009	4.047852	
-3.718872	7.984619	4.203491	
-3.875122	7.984619	4.202881	
-4.031372	8.140869	4.046631	
-4.030762	8.140259	4.046631	
-4.031372	7.983398	3.890381	
-4.031982	7.827148	3.890381	
-5.122681	8.288574	1.698608	
-5.280762	8.129883	1.229248	
-5.280151	8.597412	0.916138	
-5.434570	8.908691	0.759888	
-5.433960	8.908081	0.760498	
-5.278320	8.596191	0.760498	
-5.122681	8.440552	1.073608	
-5.123291	8.285522	1.230469	
-4.967651	8.286133	1.387329	
-4.811401	8.286133	1.387329	
-4.811401	8.129883	1.387329	
-4.812012	8.129883	1.387329	
-4.812622	7.973022	1.230469	
-4.968872	7.973022	1.230469	
-4.968872	8.129272	1.074219	
-5.124512	8.284912	1.073608	
-5.123291	8.441162	1.073608	
-5.122681	8.598022	1.229858	
-5.278320	8.754272	1.229248	
-5.278320	8.754883	1.385498	
-5.278320	8.754883	1.541748	
-5.278320	8.755493	1.542358	
-5.122070	8.756104	1.698608	
-5.122070	8.756104	1.698608	
-5.122070	8.599243	1.542358	
-5.122681	8.599243	1.542969	
-4.966431	8.599243	1.542969	
-4.966431	8.755493	1.542969	
-4.965820	8.598633	1.386719	
-4.966431	8.599243	1.543579	
-4.810791	8.442993	1.543579	
-4.811401	8.286743	1.543579	
-4.811401	8.442993	1.699829	
-4.810791	8.599854	1.699829	
-4.810181	8.756104	1.543579	
-4.809570	8.756104	1.700439	
-4.653931	8.599854	1.700439	
-4.653931	8.599854	1.700439	
-4.653931	8.600464	1.856689	
-4.653931	8.600464	2.012939	
-4.497681	8.601074	2.014160	
-4.341431	8.601074	2.014160	
-3.405151	8.610840	4.674683	
-3.090210	9.236450	4.831543	
-2.932739	9.393311	4.832153	
-2.932129	9.392700	4.675293	
-3.089600	8.923340	4.519653	
-2.935181	8.298950	4.676514	
-2.780762	8.143311	4.832764	
-2.780762	8.143311	4.832153	
-2.937012	8.143311	4.832153	
-2.936401	8.299561	4.675903	
-3.092041	8.455200	4.519043	
-3.092041	8.454590	4.362793	
-3.092041	8.453979	4.362183	
-3.248291	8.454590	4.518433	
-3.247681	8.610840	4.674683	
-3.248291	8.455200	4.674683	
-3.248901	8.142090	4.518433	
-3.093262	8.141479	4.362793	
-3.093872	8.140869	4.206543	
-2.937012	8.297119	4.050903	
-2.936401	8.452759	4.050903	
-2.935791	8.452759	4.050903	
-2.936401	8.296509	4.050903	
-2.780762	8.140259	4.051514	
-2.937622	7.984009	4.050293	
-3.093872	7.984009	3.894043	
-3.250122	7.983398	3.893433	
-3.250122	7.984009	3.892822	
-3.406372	7.983398	3.892212	
-3.562012	8.295898	3.735352	
-3.717041	8.451538	3.734741	
-3.872681	8.607788	3.734741	
-4.028320	8.764038	3.577881	
-3.872070	8.607178	3.577881	
-4.028931	8.607788	3.734741	
-3.873291	8.607788	3.734741	
-3.872681	8.607788	3.734741	
-3.872681	8.607178	3.578491	
-3.872681	8.607178	3.422241	
-3.872681	8.449707	3.266602	
-3.717651	8.137207	3.110352	
-3.562622	7.980347	2.954712	
-4.500122	7.817383	1.388550	
-4.500732	8.130493	1.544189	
-4.655151	8.599854	1.856689	
-4.653320	9.069214	1.856079	
-4.807739	9.381714	1.699829	
-4.807129	9.381104	1.699829	
-4.807129	9.381714	1.856079	
-4.963379	9.225464	1.855469	
-4.808350	8.912964	1.856079	
-4.808960	8.756714	1.856079	
-4.809570	8.756104	1.699829	
-4.653320	8.756104	1.544189	
-4.653320	8.911743	1.544800	
-4.496460	9.067383	1.544800	
-4.339600	9.067993	1.545410	
-4.183350	9.068604	1.702271	
-4.027710	8.912354	1.859131	
-3.872070	8.756714	2.015991	
-3.872070	8.757324	2.172241	
-3.872070	8.758545	2.329102	
-3.715820	8.914795	2.329102	
-3.715210	8.914795	2.329712	
-3.558960	8.758545	2.485962	
-3.403320	8.759155	2.486572	
-3.403320	8.759766	2.643433	
-3.247070	8.760376	2.955933	
-3.247070	8.604736	3.112183	
-3.248291	8.293457	3.424683	
-3.249512	8.294067	3.580933	
-3.247681	8.763428	3.892822	
-3.558350	9.234619	4.360352	
-3.869629	9.235229	4.359131	
-3.871460	8.297729	4.359741	
-3.875732	7.516479	4.359741	
-3.876953	7.516479	4.515991	
-3.876343	7.985840	4.672241	
-3.874512	8.455200	4.672852	
-3.560181	8.768311	4.674072	
-3.247070	8.767700	4.674683	
-3.247681	8.455200	4.518433	
-3.248901	8.142090	4.362183	
-3.249512	7.985840	4.674683	
-3.876343	7.673340	4.359741	
-4.032593	7.672119	4.202881	
-4.032593	7.828369	4.359741	
-3.875732	7.985229	4.359741	
-3.875122	8.141479	4.203491	
-3.874512	8.140869	4.203491	
-3.718872	7.984619	4.203491	
-3.875732	7.828369	4.047852	
-3.719482	7.827759	4.047241	
-3.719482	7.827759	3.891602	
-3.875732	7.827148	3.890991	
-3.875122	8.139038	3.734741	
-3.873291	8.764038	3.734131	
-4.183350	9.545288	3.576050	
-4.493408	9.699707	2.950439	
-4.494629	9.072266	2.482300	
-4.497070	8.602295	2.013550	
-4.497681	8.756714	1.856689	
-4.653320	8.756104	1.543579	
-4.808960	9.067383	1.387329	
-4.808350	9.067383	1.543579	
-4.808350	9.067993	1.543579	
-4.808350	9.224243	1.700439	
-4.651489	9.224854	1.857300	
-4.494629	9.382324	2.013550	
-4.338989	9.070435	2.170410	
-4.340210	8.757935	2.327271	
-4.185791	8.289795	2.171021	
-4.187012	8.132324	2.014160	
-4.499512	8.287964	1.701050	
-4.498291	8.599854	1.544189	
-4.653931	8.756104	1.701050	
-4.497070	8.912354	1.701660	
-4.340210	8.756104	1.701660	
-4.341431	8.599854	1.702271	
-4.185791	8.287354	1.858521	
-4.187012	8.132324	2.170410	
-4.499512	8.132935	2.169189	
-4.655151	8.289795	2.324829	
-4.811401	8.446045	2.324219	
-4.966431	8.758545	2.323608	
-5.122070	8.914795	2.323608	
-3.555908	9.696045	2.330322	
-3.243408	9.382935	2.487793	
-3.090210	8.291626	3.269653	
-2.937622	7.669678	3.738403	
-2.938843	7.671509	4.207153	
-2.938232	8.142090	4.675903	
-2.778931	9.080811	4.989624	
-2.618408	10.175171	4.989624	
-2.615356	10.643311	4.677124	
-2.615356	10.173340	4.208984	
-2.461548	9.390259	4.053345	
-2.308960	8.452759	4.053955	
-2.155151	8.140259	4.053955	
-2.156372	7.827148	3.897095	
-2.313232	7.826538	3.740845	
-2.469482	7.826538	3.583984	
-2.469482	7.982178	3.583374	
-2.624512	8.138428	3.427124	
-2.780151	8.450928	3.582764	
-2.935181	8.607788	3.894043	
-3.090820	8.764648	4.050293	
-3.090820	8.765869	4.362793	
-3.091431	8.610840	4.675293	
-3.092041	8.298950	4.675293	
-3.093262	7.986450	4.519043	
-3.250122	7.985840	4.362183	
-3.250122	8.141479	4.205933	
-3.248901	8.452759	4.049683	
-3.247681	8.609009	4.049683	
-3.247681	8.609009	4.049683	
-3.091431	8.609009	4.050293	
-3.092041	8.296509	4.050903	
-2.936401	8.296509	4.050903	
-2.780762	8.140259	4.051514	
-2.780762	7.984009	4.051514	
-2.625122	7.827148	3.895874	
-2.781982	7.670898	3.895264	
-2.938843	7.670898	3.894043	
-3.250732	7.982788	3.580322	
-3.717041	8.919678	3.422241	
-4.025269	10.168457	3.265381	
-4.176636	10.950317	3.420410	
-4.498291	8.599854	1.701050	
-4.341431	8.599854	1.858521	
-4.184570	8.757324	2.171631	
-4.028320	8.757935	2.171631	
-4.028320	8.758545	2.327881	
-4.184570	8.758545	2.327271	
-4.028931	8.602295	2.327881	
-4.028320	8.758545	2.171631	
-4.028320	8.757935	2.171631	
-4.027710	8.914185	2.171631	
-4.027710	8.914795	2.327881	
-4.028320	8.758545	2.327271	
-4.184570	8.759155	2.483521	
-4.185181	8.602905	2.483521	
-4.185791	8.446655	2.483521	
-4.342041	8.446655	2.482910	
-4.342041	8.446655	2.326660	
-4.497681	8.602295	2.482300	
-4.497681	8.602905	2.326050	
-4.497681	8.602295	2.325439	
-4.653931	8.602295	2.325439	
-4.654541	8.446045	2.169800	
-4.498291	8.601685	2.169800	
-4.497681	8.757935	2.169800	
-4.340820	8.757935	2.171021	
-4.028320	8.758545	2.328491	
-3.872070	8.759155	2.485352	
-3.715820	8.915405	2.485962	
-3.558350	9.384155	2.642822	
-3.399658	9.697876	2.798462	
-3.399658	9.385376	2.799072	
-3.246460	8.292847	3.425293	
-3.095093	7.357788	4.049683	
-3.253784	7.203369	4.362183	
-3.408813	7.673950	4.830322	
-3.248901	8.925171	5.143433	
-2.930908	10.332642	5.300903	
-2.771606	10.488281	4.989014	
-2.772217	9.861450	4.676514	
-2.775879	8.923950	4.677124	
-2.467651	7.986450	4.834595	
-2.313232	7.674561	4.835205	
-3.405151	8.297119	4.205322	
-3.405151	8.297119	4.204712	
-3.561401	8.297119	4.204712	
-3.561401	8.453369	4.048462	
-3.560791	8.452759	4.048462	
-3.560791	8.452759	4.048462	
-3.560791	8.452759	4.048462	
-3.405151	8.296509	4.049072	
-3.405151	8.296509	4.049683	
-3.248901	8.139648	4.049683	
-3.093262	8.140259	3.894043	
-3.093872	7.983398	4.050293	
-3.093872	7.984009	4.050293	
-3.093872	7.984009	4.050293	
-3.250122	7.984009	4.049683	
-3.250122	8.140259	4.049072	
-3.562012	8.452148	3.892212	
-3.715820	9.233398	4.047852	
-3.868408	10.172119	4.202881	
-4.022217	10.484009	3.733521	
-4.178467	10.012817	3.108521	
-4.336548	9.698486	2.639771	
-4.181519	9.383545	2.171631	
-4.025879	9.382324	2.015381	
-4.026489	8.912964	1.702881	
-4.028320	8.442993	1.546631	
-4.030151	8.131104	1.702271	
-4.187012	8.131104	1.858521	
-4.342651	8.287964	1.857910	
-4.342041	8.601074	2.014160	
-4.341431	8.601074	2.013550	
-4.497070	8.601074	2.013550	
-4.497681	8.444824	2.013550	
-4.498901	8.289185	2.169800	
-4.498901	8.288574	2.012939	
-4.655151	8.288574	1.856689	
-4.654541	8.444214	1.856689	
-4.654541	8.599854	1.700439	
-4.653931	8.599854	1.700439	
-4.653931	8.599854	1.700439	
-4.653931	8.600464	1.856689	
-4.653931	8.600464	2.012939	
-4.498901	8.288574	2.013550	
-4.498291	8.601074	1.857300	
-4.497070	8.756714	1.857300	
-4.495850	9.069214	1.857910	
-4.338989	9.225464	1.858521	
-4.182739	9.069214	2.015381	
-3.870850	9.070435	2.484741	
-3.870850	9.227905	2.640381	
-4.026489	9.385376	2.953491	
-3.869019	9.699097	3.265991	
-3.869019	9.230957	3.110352	
-3.715820	7.980957	3.423462	
-3.565063	6.732788	3.892212	
-3.569336	6.265259	4.360962	
-3.569336	6.423340	4.673462	
-3.567505	7.205811	4.986572	
-3.250122	8.769531	5.300293	
-3.088379	9.708862	5.612793	
-3.242188	10.332642	5.142822	
-3.554077	9.705811	4.674072	
-3.402100	8.611450	4.830933	
-3.250122	7.675171	4.987793	
-3.251953	7.362671	4.987183	
-3.409424	7.048950	4.674072	
-3.566284	7.048950	4.672852	
-3.723145	6.892090	4.515991	
-3.878784	7.360229	4.202881	
-4.189453	7.671509	4.045410	
-4.343872	8.139648	3.888550	
-4.499512	8.296509	4.044800	
-4.498291	8.453369	4.044800	
-4.498291	8.296509	4.044800	
-4.499512	7.984009	4.045410	
-4.343872	7.827148	3.889160	
-4.188232	7.827148	3.889771	
-4.031982	7.827148	3.890381	
-3.875732	7.826538	3.734741	
-3.875732	7.826538	3.734741	
-3.875122	7.982788	3.890991	
-3.875732	7.827148	4.047241	
-3.875732	7.827759	4.047241	
-3.875732	7.984619	4.359131	
-4.030151	8.130493	1.546631	
-4.187622	7.817383	1.389771	
-4.345093	7.661133	1.388550	
-4.656372	8.129883	1.544189	
-4.810791	8.755493	1.699829	
-4.808350	9.225464	1.856079	
-4.807129	9.382324	2.324829	
-4.807129	9.383545	2.324829	
-4.807739	9.071045	2.324829	
-4.808960	8.758545	2.481689	
-4.654541	8.290405	2.481689	
-4.655151	8.289795	2.169800	
-4.498901	8.288574	2.013550	
-4.498901	8.444824	1.857300	
-4.654541	8.444214	1.856689	
-4.653931	8.599854	1.700439	
-4.497681	8.599854	1.857300	
-4.497681	8.756714	1.856689	
-4.653320	8.757324	2.013550	
-4.497070	8.757935	2.169800	
-4.497070	8.757935	2.169800	
-4.497681	8.601685	2.169800	
-4.497681	8.601074	2.014160	
-4.341431	8.601074	1.857910	
-4.341431	8.599854	1.701660	
-4.341431	8.443604	1.701660	
-4.342041	8.600464	1.857910	
-4.342041	8.600464	1.857910	
-4.497681	8.600464	1.857300	
-4.497070	8.912964	2.012939	
-4.652100	9.226074	2.012939	
-4.494629	9.695435	2.326050	
-4.336548	9.852295	2.482910	
-4.337158	9.228516	2.639771	
-4.184570	8.134766	2.952271	
-4.188232	7.511597	3.264160	
-4.502563	7.356567	3.576050	
-4.501953	7.670898	3.889160	
-4.187012	8.608398	4.047241	
-3.713989	9.703369	4.360962	
-3.241577	10.328979	4.362183	
-3.240967	10.016479	4.205933	
-3.719482	7.827148	3.891602	
-3.875732	7.827148	3.890991	
-4.031372	7.983398	4.046631	
-4.187622	7.984009	4.046021	
-4.343872	7.984619	4.045410	
-4.344482	7.827759	4.045410	
-4.344482	7.827759	4.201660	
-4.344482	7.984619	4.045410	
-4.187622	8.140259	4.046021	
-4.187012	8.296509	4.046631	
-4.029541	8.452759	4.046631	
-3.873291	8.452148	3.890991	
-3.873901	8.295898	3.891602	
-3.562012	8.140259	4.048462	
-3.562622	7.827148	3.892822	
-3.406982	7.827148	3.892212	
-3.563843	7.826538	3.579712	
-3.562012	8.450928	3.579712	
-3.558960	9.388428	3.735352	
-3.711548	10.170288	3.734741	
-3.865967	10.013428	3.421631	
-4.024658	9.074707	3.109131	
-3.873291	8.135986	2.952881	
-4.031982	7.978516	2.483521	
-4.187012	8.289795	2.171021	
-4.342651	8.289185	2.014160	
-4.342651	8.288574	2.014160	
-4.343262	8.131714	1.701660	
-4.343262	8.131104	1.545410	
-4.342041	8.599243	1.545410	
-4.340210	9.224243	1.544800	
-4.494629	9.692993	1.544800	
-4.492798	9.849854	1.701660	
-4.492798	9.693604	1.701050	
-4.494019	9.381104	1.701660	
-4.339600	8.912354	1.857300	
-4.497681	8.443604	1.701050	
-4.342651	8.287354	1.701050	
-4.498901	8.287354	1.544800	
-4.498901	8.442993	1.544189	
-4.653931	8.599854	1.700439	
-4.653931	8.599854	1.700439	
-4.653931	8.912964	1.856689	
-4.808350	9.225464	1.699829	
-4.807129	9.536743	1.387329	
-4.649048	10.004883	1.387939	
-4.648438	9.692993	1.700439	
-4.494629	8.756714	2.169800	
-4.499512	7.509155	2.794800	
-4.504395	6.573486	3.106689	
-4.505615	6.574707	3.576660	
-4.191895	7.513428	3.734131	
-3.718872	8.452148	4.048462	
-3.402100	9.390869	4.362183	
-3.087158	9.860840	4.362793	
-3.242798	9.547729	4.362183	
-3.088989	8.767090	4.519653	
-2.935181	8.455200	4.675903	
-2.936401	8.142700	4.675903	
-3.093872	7.986450	4.519043	
-3.093872	7.985840	4.362183	
-3.406372	7.828369	4.048462	
-3.563843	7.671509	4.047852	
-3.720093	7.671509	4.047852	
-3.720093	7.670898	3.890991	
-3.875732	7.827148	3.734741	
-3.875732	7.826538	3.577881	
-4.031982	7.825928	3.421631	
-4.031982	7.981567	3.421631	
-4.031372	8.137817	3.421631	
-4.030762	8.294067	3.577881	
-4.030151	8.450928	3.578491	
-3.873291	8.450928	3.578491	
-3.873901	8.295288	3.734741	
-3.874512	8.139038	3.890991	
-3.874512	8.139648	4.047241	
-4.030762	8.140259	4.202881	
-4.030151	8.297729	4.358521	
-4.185791	8.610229	4.358521	
-4.184570	9.078979	4.359131	
-4.182129	9.547729	4.514771	
-4.180298	9.860840	4.357910	
-4.337158	9.390259	3.733521	
-4.027710	8.607178	3.422241	
-5.123291	8.442383	1.386108	
-5.122681	8.599243	1.698608	
-5.122070	8.756714	1.854858	
-5.122070	8.601074	2.167969	
-4.810791	8.289795	2.324829	
-4.811401	8.132935	2.168579	
-4.968872	7.976074	1.855469	
-4.969482	7.818604	1.699219	
-5.125732	7.974854	1.542358	
-5.125122	7.974243	1.542358	
-5.125122	8.130493	1.386108	
-5.125122	7.973633	1.386108	
-5.125122	8.129883	1.386108	
-5.124512	7.973022	1.229858	
-5.125122	8.129272	1.230469	
-4.968872	7.973022	1.230469	
-4.968872	7.973022	1.230469	
-4.968872	7.973633	1.386719	
-4.968872	7.974243	1.542969	
-4.968262	8.287354	1.855469	
-4.966431	8.756714	2.011719	
-4.965210	9.226685	2.168579	
-4.807129	9.382935	2.169189	
-4.494019	9.539185	2.013550	
-4.338379	9.382324	1.859131	
-4.026489	9.069214	1.859741	
-3.715210	8.913574	2.172852	
-3.716431	8.290405	2.797852	
-3.718872	7.822876	2.953491	
-3.876343	7.667236	3.109741	
-3.720093	7.667847	3.266602	
-3.719482	8.137207	3.266602	
-3.716431	9.074707	3.423462	
-3.400879	9.700928	3.737183	
-3.242798	10.014648	3.893433	
-3.242188	10.014648	3.893433	
-3.087158	9.545898	4.050293	
-2.932739	8.921509	4.051514	
-2.778931	8.452759	4.207153	
-2.936401	8.140869	4.206543	
-3.250122	7.828369	4.205933	
-3.407593	7.516479	4.361572	
-3.714600	9.077759	3.892212	
-3.558350	8.920898	3.892822	
-3.403320	8.608398	3.893433	
-3.091431	8.452148	4.050903	
-2.780151	8.296509	4.052124	
-2.623901	8.296509	4.052734	
-2.467651	8.140259	3.896484	
-2.468262	7.983398	3.896484	
-2.469482	7.670898	3.895874	
-2.626953	7.514648	3.895264	
-2.940063	7.358398	3.894043	
-3.252563	7.514648	4.049072	
-3.563843	7.827759	4.048462	
-3.718872	8.139648	3.891602	
-3.717651	8.452148	3.891602	
-3.716431	8.607788	3.735352	
-3.716431	8.607788	3.735352	
-3.715820	8.764038	3.891602	
-3.715820	8.764648	3.735352	
-3.715820	8.764038	3.735352	
-3.715820	8.607788	3.579102	
-3.560181	8.764038	3.735962	
-3.559570	8.920288	3.735962	
-3.558350	9.076538	3.735962	
-3.558960	8.920288	3.735962	
-3.559570	8.607178	3.579712	
-3.560181	8.606567	3.423462	
-3.560181	8.762207	3.267212	
-3.558960	8.917847	3.110962	
-3.559570	8.760986	2.798462	
-3.559570	8.759766	2.486572	
-3.403931	8.602295	2.330322	
-3.403931	8.602295	2.330322	
-3.403320	8.758545	2.486572	
-3.558960	8.915405	2.642212	
-3.559570	8.759766	2.642212	
-3.559570	8.603516	2.798462	
-3.560181	8.447876	2.798462	
-3.560791	8.291626	2.798462	
-3.560791	8.447876	2.798462	
-3.717041	8.603516	2.640991	
-3.872070	8.915405	2.484741	
-3.715210	9.074097	3.110352	
-3.713989	9.230957	3.110352	
-3.713379	9.386597	3.110352	
-3.713379	9.230347	3.110352	
-3.557739	9.230347	2.954712	
-3.557739	9.229736	2.955322	
-3.401489	9.229736	2.955933	
-3.245239	9.074097	3.112183	
-3.245850	9.074097	3.268433	
-3.090210	8.918457	3.269653	
-2.778320	8.762207	3.270874	
-2.622681	8.449707	3.427734	
-2.467041	8.294067	3.427734	
-2.467651	8.137817	3.583984	
-2.468262	8.138428	3.583374	
-2.623901	8.294678	3.582764	
-2.935791	8.762817	3.581543	
-3.090210	9.232788	3.737183	
-3.244629	9.545898	4.049683	
-3.243408	9.547119	4.206543	
-3.088379	9.234619	4.050903	
-2.933350	8.920898	3.894653	
-2.778320	8.764648	3.895264	
-2.778320	8.764038	3.739014	
-2.778320	8.607788	3.739014	
-2.779541	8.451538	3.738403	
-2.935791	8.451538	3.738403	
-2.780151	8.295898	3.895264	
-2.780151	8.139648	3.894653	
-2.937012	8.140259	4.050293	
-3.093262	8.296509	4.050293	
-3.092651	8.140259	3.893433	
-3.250122	8.295898	4.049683	
-3.248291	8.451538	3.736572	
-3.404541	8.608398	3.736572	
-3.403931	8.607788	3.736572	
-3.403320	8.764038	3.736572	
-3.403320	8.607788	3.736572	
-3.560181	8.607788	3.735962	
-3.560791	8.451538	3.736572	
-3.404541	8.451538	3.736572	
-3.403931	8.608398	3.893433	
-4.030762	8.139038	3.578491	
-3.874512	8.138428	3.422241	
-4.030151	8.450317	3.421631	
-4.028931	8.606567	3.421631	
-4.184570	8.762817	3.577271	
-4.185181	8.607178	3.577271	
-4.185791	8.294678	3.577881	
-4.030151	8.138428	3.421631	
-4.031372	7.981567	3.421631	
-4.187622	7.981567	3.421021	
-4.031372	7.825317	3.264771	
-4.188232	7.824707	3.264771	
-4.188232	7.980347	3.108521	
-4.187622	8.136597	3.107910	
-4.343262	8.136597	3.107910	
-4.499512	7.980347	3.107300	
-4.500122	7.980347	3.107300	
-4.499512	8.136597	3.107300	
-4.655762	8.136597	3.106689	
-4.655151	8.292847	3.106689	
-4.654541	8.449097	3.106079	
-4.810791	8.449097	2.949829	
-4.654541	8.292236	3.106689	
-4.655151	8.292847	3.106689	
-4.655151	8.292236	3.106689	
-4.655151	8.136597	3.106689	
-4.655762	8.136597	3.106689	
-4.499512	7.980347	3.106689	
-4.656372	7.980347	3.106689	
-4.656372	7.979736	2.950439	
-4.499512	8.135986	2.794800	
-4.500122	8.135376	2.951050	
-4.499512	8.135986	2.951050	
-4.499512	8.135986	2.951050	
-4.499512	8.135986	2.951050	
-4.498901	8.447876	2.794189	
-4.653931	8.604126	2.637939	
-4.653320	8.759766	2.637939	
-4.653320	8.759155	2.325439	
-4.653320	8.758545	2.325439	
-4.497070	9.071045	2.482300	
-4.495239	9.383545	2.326050	
-3.873901	8.444214	1.859741	
-3.873291	8.600464	1.859741	
-4.028931	8.756714	2.015381	
-3.872070	8.757935	2.328491	
-3.872070	8.758545	2.328491	
-3.872070	8.914795	2.328491	
-3.715210	8.758545	2.485352	
-3.715820	8.759155	2.485962	
-3.559570	8.915405	2.642822	
-3.402100	8.916626	3.111572	
-3.559570	8.606567	3.579102	
-3.717651	8.450928	3.735352	
-3.872681	8.452148	3.890381	
-4.186401	8.296509	4.202271	
-4.187012	8.141479	4.671021	
-4.187012	7.674561	4.983521	
-4.188843	7.677002	5.764771	
-4.345093	7.678833	5.920410	
-4.345093	7.990112	5.139771	
-4.030762	8.298340	4.047241	
-3.873901	8.294678	3.109741	
-3.874512	7.979736	2.797241	
-3.875122	7.979736	3.109741	
-3.875122	8.137817	3.578491	
-3.874512	8.139648	4.202881	
-4.186401	8.453979	4.515381	
-3.873291	8.454590	4.827881	
-4.185791	8.455200	4.514160	
-4.342041	8.298950	4.670410	
-4.342651	8.142090	4.357910	
-4.343262	8.140869	3.889160	
-4.343262	8.138428	3.420410	
-4.343262	8.294067	3.264160	
-4.342651	8.449707	3.107910	
-4.185791	8.605347	3.108521	
-4.185181	8.605347	3.265381	
-4.029541	8.449707	3.265381	
-3.873901	8.292847	3.109741	
-3.717651	8.292847	3.266602	
-3.872681	8.762207	3.265991	
-3.870850	9.385986	2.796631	
-4.025269	9.697876	2.640991	
-5.122070	8.914795	2.479858	
-5.120850	8.915405	2.479858	
-5.278320	8.602295	2.166138	
-5.436401	7.976685	2.166138	
-5.438843	7.351685	2.165527	
-5.596313	7.352295	2.165527	
-5.596313	7.507324	2.009277	
-5.594482	7.976074	1.853027	
-5.437012	8.444214	1.697388	
-5.435181	8.755493	1.541748	
-5.277710	9.067993	1.542358	
-5.120850	9.224854	1.699219	
-4.964600	8.912964	1.855469	
-4.808960	8.600464	1.856079	
-4.655151	8.131714	1.856689	
-4.656372	7.819214	1.700439	
-4.656982	7.818604	1.700439	
-4.656982	7.818604	1.856079	
-4.812622	8.132324	2.012329	
-4.812012	8.288574	2.167969	
-4.967651	8.445435	2.324219	
-4.966431	8.602905	2.480469	
-5.122070	9.072266	2.636108	
-5.119019	10.166626	3.105469	
-4.958496	10.636597	2.949219	
-4.802856	9.854126	2.794189	
-4.495850	8.291626	3.108521	
-4.188843	7.044678	3.890381	
-4.191895	7.046509	4.202271	
-4.346924	7.516479	4.670410	
-4.187622	8.455811	4.984131	
-4.027710	9.393921	4.828491	
-3.713379	9.235840	4.204712	
-3.402710	8.608398	3.737183	
-3.092651	7.982178	3.582153	
-2.938843	7.513428	3.894653	
-3.095703	7.514648	4.049683	
-3.408203	7.515869	4.360962	
-3.721313	7.360840	4.515991	
-4.034424	7.048340	4.359131	
-4.191895	6.735229	4.201660	
-4.348755	6.734619	4.045410	
-4.970703	7.514038	3.730469	
-4.814453	7.514038	3.574829	
-4.815063	7.357178	3.417969	
-4.971313	7.356567	3.418579	
-4.971313	7.512817	3.417969	
-5.126953	7.669067	3.260498	
-5.281982	8.292847	3.260498	
-5.277710	9.545288	4.197388	
-5.585327	10.641479	4.196777	
-5.582275	11.107178	3.103027	
-5.426636	10.322876	2.635498	
-5.117798	9.384155	2.323608	
-4.965210	8.602295	2.324829	
-4.810791	8.289185	2.012939	
-4.655151	8.287964	1.700439	
-4.655151	8.130493	1.544189	
-4.500122	7.974243	1.388550	
-4.343872	7.973633	1.232910	
-4.343262	7.973022	1.232910	
-4.343872	7.973022	1.389160	
-4.344482	7.817993	1.545410	
-4.500732	7.818604	1.701050	
-4.500732	7.975464	1.856689	
-4.655762	8.131104	1.856079	
-4.811401	8.444214	2.012329	
-4.966431	8.757324	2.167969	
-5.121460	8.914185	2.011108	
-5.121460	8.913574	2.011108	
-5.122070	8.757324	2.011108	
-5.122681	8.444824	2.011108	
-5.123901	8.132324	2.011108	
-5.125122	7.976074	1.854858	
-5.125732	7.819214	1.854858	
-5.125122	7.975464	1.698608	
-5.125122	8.130493	1.542358	
-4.968262	8.286743	1.542969	
-4.967651	8.286743	1.542358	
-5.123291	8.442993	1.542969	
-4.967041	8.443604	1.699219	
-4.967041	8.444214	2.011719	
-4.966431	8.756714	1.855469	
-4.809570	8.756714	2.012329	
-4.192505	7.832031	5.295410	
-4.340210	9.708252	5.607300	
-4.647217	10.646362	5.449829	
-4.802246	10.488281	4.825439	
-4.649048	8.924561	4.826660	
-4.187012	7.674561	4.983521	
-4.190063	7.050171	4.827271	
-4.348145	6.736450	4.514160	
-4.348755	6.579590	4.514160	
-4.349365	6.735840	4.514160	
-4.348145	7.204590	4.357300	
-4.502563	7.671509	4.044800	
-4.500732	7.984009	4.201050	
-4.500122	7.984619	4.357300	
-4.500122	7.828369	4.201050	
-4.500732	7.672119	4.201050	
-4.345703	7.516479	4.357910	
-4.345703	7.515869	4.202271	
-4.189453	7.515869	4.202271	
-4.189453	7.515259	3.890381	
-4.032593	7.514038	3.734131	
-4.033203	7.514038	3.577881	
-4.033203	7.513428	3.734131	
-4.189453	7.514038	3.733521	
-4.345703	7.514648	3.732910	
-4.501953	7.357788	3.732300	
-4.659424	7.200928	3.418579	
-4.814453	7.981567	3.575439	
-4.810791	9.077148	3.886719	
-5.119019	9.700317	2.791748	
-5.274658	9.539185	1.697998	
-5.119629	9.380493	1.386108	
-5.275269	9.846802	0.604248	
-5.429077	10.314331	0.446777	
-5.584717	10.157471	0.446777	
-5.430298	9.376831	0.604248	
-5.278320	8.127441	0.761108	
-5.126953	7.033691	0.917358	
-5.130005	6.565552	0.917358	
-5.130615	6.722412	1.072998	
-5.285645	7.191772	1.229248	
-5.439453	7.973022	1.228638	
-4.968872	7.974243	1.386719	
-4.968872	7.973633	1.386719	
-4.968262	8.129883	1.386719	
-4.967651	8.442383	1.542969	
-4.967041	8.442993	1.699219	
-4.966431	8.600464	2.167969	
-4.810181	8.602295	2.324829	
-4.810181	8.602905	2.481079	
-4.810181	8.915405	2.637329	
-4.806519	10.166016	2.794800	
-4.490356	10.480347	2.951050	
-4.335327	9.541016	2.327881	
-3.871460	7.977295	2.797852	
-3.877563	6.887207	3.577881	
-4.035645	7.045288	4.046631	
-4.034424	7.360229	4.828491	
-3.719482	8.457031	5.611572	
-3.246460	9.085083	6.080933	
-3.402100	8.930054	6.080322	
-3.403320	8.459473	5.455322	
-3.405762	7.675781	5.142822	
-3.251953	7.363281	5.143433	
-3.408813	7.362671	4.985962	
-3.565063	7.362061	4.829102	
-3.721924	7.205200	4.672241	
-4.034424	7.361450	4.515381	
-4.033813	7.360229	4.202271	
-4.190063	7.515259	4.046021	
-4.189453	7.515259	4.045410	
-4.345703	7.671509	4.201050	
-4.501343	7.828369	4.201050	
-4.500732	7.828369	4.201050	
-4.500732	7.984619	4.201050	
-4.500732	7.828369	4.201050	
-4.501343	7.672729	4.357300	
-4.345703	7.516479	4.357910	
-4.345703	7.516479	4.358521	
-4.190063	7.360840	4.514771	
-4.033813	7.360840	4.515381	
-4.033813	7.360840	4.515381	
-4.033813	7.360229	4.359741	
-3.877563	7.359619	4.203491	
-5.120850	9.070435	2.011108	
-5.120850	9.068604	1.698608	
-5.121460	8.912354	1.542358	
-5.122070	8.442383	1.386108	
-5.124512	7.661133	1.386108	
-5.126953	7.192383	1.542358	
-5.128174	7.192383	1.542358	
-5.127563	7.349854	1.854858	
-5.126953	7.662964	2.011108	
-5.125732	8.132324	2.167358	
-5.123901	8.445435	2.167358	
-5.123291	8.601685	2.011108	
-5.123291	8.444214	1.854248	
-5.279541	8.287354	1.697388	
-5.436401	8.131104	1.697388	
-5.437012	8.131104	1.697388	
-5.437012	8.131104	1.853027	
-5.749512	8.287964	2.008667	
-5.748901	8.444824	2.008057	
-5.904541	8.444824	2.008057	
-5.904541	8.444824	2.008667	
-5.748901	8.288574	1.852417	
-5.592651	8.132324	2.009277	
-5.437012	8.132324	2.009888	
-5.436401	8.288574	1.853638	
-5.436401	8.131714	1.854248	
-5.280762	8.131104	1.697998	
-5.124512	8.131104	1.854858	
-5.123901	8.287964	2.011108	
-5.123291	8.288574	2.167358	
-5.123291	8.757935	2.323608	
-5.121460	9.227905	2.792358	
-5.120239	8.917847	3.104858	
-4.966431	8.137207	3.575439	
-4.502563	6.889648	4.357910	
-4.349976	6.423950	4.982910	
-4.349365	6.894531	5.451660	
-4.190674	7.678223	5.921021	
-4.186401	8.617554	6.390381	
-4.185181	8.618164	6.233521	
-4.030151	7.991333	5.608521	
-4.189453	7.051392	5.139771	
-4.658203	7.518921	4.826050	
-4.501953	7.362061	4.825439	
-4.658813	7.362061	4.669189	
-4.502563	7.205200	4.669800	
-4.346924	7.204590	4.514160	
-4.190674	7.204590	4.514771	
-4.190063	7.360840	4.514771	
-4.190063	7.517090	4.514771	
-4.189453	7.517090	4.514771	
-4.189453	7.517090	4.514771	
-4.189453	7.517090	4.514160	
-4.345703	7.517090	4.513550	
-4.502563	7.205200	4.669189	
-4.815674	7.048340	4.511719	
-5.129395	7.047119	4.042358	
-5.127563	7.828369	4.354858	
-5.279541	9.078979	4.353027	
-5.743408	10.170898	3.259277	
-5.584717	10.166626	2.478027	
-5.585938	10.007324	1.697388	
-5.430298	9.535522	0.916138	
-5.432739	8.909302	0.916748	
-5.278931	8.440552	0.917358	
-5.124512	7.816162	1.073608	
-5.126953	7.191772	1.229858	
-5.128784	7.036133	1.386108	
-5.128784	7.036743	1.698608	
-5.128174	7.349854	1.854858	
-5.126953	7.507324	2.011108	
-5.125732	7.976685	2.167358	
-5.124512	8.289185	2.166748	
-5.279541	8.445435	2.166748	
-5.280151	8.288574	2.009888	
-5.436401	8.131714	1.853638	
-5.437622	8.131714	1.853638	
-5.593262	8.131714	1.853027	
-5.593262	8.131714	1.853027	
-5.750122	7.974854	1.852417	
-5.750732	7.662354	1.696167	
-5.751343	7.662354	1.696167	
-5.595093	7.662354	1.696777	
-5.594482	7.817993	1.540527	
-4.810181	8.602905	2.637329	
-4.810181	8.292236	3.262329	
-4.812622	7.669678	3.887939	
-4.503174	6.734619	4.514160	
-4.349976	6.267700	4.982910	
-4.506226	6.738281	5.294800	
-4.346313	8.146362	6.077271	
-4.340820	9.556274	6.857300	
-4.492798	10.025635	6.544800	
-4.335938	9.555054	5.764160	
-4.183960	7.989502	5.297241	
-3.721313	6.894531	4.985352	
-3.723755	6.580811	4.672852	
-3.724365	6.735840	4.515991	
-4.035645	6.892090	4.515381	
-4.191895	6.892700	4.671021	
-4.191895	7.048950	4.670410	
-4.503784	7.048340	4.513550	
-4.660034	7.204590	4.512939	
-4.815674	7.360840	4.512329	
-4.813843	7.829590	4.668579	
-4.812622	7.985840	4.511719	
-4.968872	7.828979	4.356079	
-4.657593	7.672729	4.200439	
-4.501953	7.359619	4.201050	
-4.346313	7.515869	4.201660	
-4.345703	7.515259	4.046021	
-4.188843	7.827759	4.046021	
-4.188232	7.828369	4.359131	
-3.875732	7.673340	4.672241	
-3.876953	7.517700	4.515991	
-4.033813	7.203979	4.202881	
-4.190674	7.203369	4.357910	
-4.348145	6.734009	4.044189	
-4.658813	7.828979	4.356079	
-4.810181	9.392700	4.824219	
-5.116577	10.486450	4.041748	
-5.271606	10.012817	2.947998	
-5.120239	8.602905	2.167358	
-4.968262	7.819214	1.699219	
-4.970093	7.661743	1.542358	
-5.126343	7.817993	1.386108	
-5.749512	8.130493	1.384277	
-5.593262	8.286133	1.384277	
-5.592651	8.442383	1.384277	
-5.592041	8.442383	1.541138	
-5.436401	8.130493	1.541138	
-5.437012	7.974243	1.697388	
-5.438232	7.662354	1.541138	
-5.595093	7.817993	1.540527	
-5.593872	8.130493	1.540527	
-5.749512	8.286133	1.539917	
-5.592651	8.130493	1.696167	
-5.593872	7.974243	1.540527	
-5.750732	7.662354	1.696167	
-5.751343	7.818604	1.696777	
-5.594482	7.817993	1.540527	
-5.594482	7.974243	1.384888	
-5.593262	8.286133	1.696167	
-5.435791	8.444824	2.166748	
-5.123291	7.977905	2.949829	
-4.813843	7.043457	3.574829	
-4.661255	6.576538	3.732300	
-4.505615	6.732788	3.732300	
-4.503784	7.670898	4.046631	
-3.716431	9.704590	5.142212	
-3.552856	11.113892	5.298462	
-3.549805	11.113281	4.829712	
-3.553467	9.393311	4.986572	
-3.249512	7.050171	4.987183	
-3.411865	6.268311	4.674072	
-3.569946	6.110840	4.516602	
-3.726196	6.267090	4.516602	
-3.880005	7.048340	4.515381	
-4.034424	7.517090	4.515381	
-4.032593	7.829590	4.514771	
-4.343262	8.453979	4.357300	
-4.497681	8.923340	4.512939	
-4.652100	9.236450	4.669189	
-4.652100	8.923950	4.826050	
-4.497070	8.456421	4.982300	
-4.499512	7.988281	5.139160	
-4.344482	7.675781	4.982910	
-4.345703	7.675171	4.827271	
-4.184570	9.234619	4.357910	
-4.650269	9.546509	3.575439	
-4.650879	9.073486	2.637939	
-4.497070	8.289795	2.013550	
-4.499512	8.131104	1.388550	
-4.655151	8.285522	1.231689	
-4.654541	8.441772	1.387329	
-4.810181	8.598633	1.387329	
-4.810791	8.129883	1.387329	
-4.969482	7.661133	1.386719	
-5.126953	7.348633	1.386108	
-5.283813	7.504883	1.385498	
-5.438843	7.660522	1.228027	
-5.750732	7.659912	1.071167	
-5.907593	7.659912	1.070557	
-6.063843	7.816162	1.226196	
-6.063232	8.129272	1.382446	
-6.061401	8.442993	1.694946	
-6.216431	8.912354	1.850586	
-6.214600	9.225464	1.850586	
-6.213989	9.069214	1.850586	
-6.215820	8.599854	1.694946	
-6.062012	7.974854	1.694946	
-5.907593	7.506104	1.539307	
-5.908203	7.348633	1.383057	
-5.908203	7.348022	1.070557	
-5.908203	7.503662	1.069946	
-6.063843	7.659912	0.913696	
-6.063232	7.971191	0.757446	
-5.906372	8.128052	0.914307	
-5.905762	8.128052	1.070557	
-5.749512	8.128662	1.227417	
-5.593262	8.129272	1.384277	
-5.592651	8.286743	1.540527	
-5.435791	8.442993	1.697388	
-5.435791	8.756104	1.697998	
-5.120850	9.225464	2.324219	
-4.807129	9.384766	2.794189	
-4.495850	8.604126	2.952271	
-4.031372	7.042847	3.422241	
-3.881226	5.951538	4.202881	
-4.196167	5.954590	4.827881	
-4.660034	6.892700	4.825439	
-4.504395	7.049561	4.826050	
-4.659424	7.361450	4.512939	
-4.658203	7.673340	4.356689	
-4.501343	7.673340	4.513550	
-4.345093	7.673950	4.670410	
-4.345093	7.830811	4.826050	
-4.500732	7.830811	4.826050	
-4.500732	7.674561	4.826660	
-4.188843	7.517700	4.671021	
-4.033203	7.517090	4.515381	
-4.033203	7.517090	4.515381	
-4.033203	7.517700	4.671631	
-4.033203	7.362061	4.827881	
-4.033813	7.205811	4.827881	
-4.035034	7.049561	4.827271	
-4.191895	6.893311	4.983521	
-4.349365	6.425171	4.982300	
-4.506226	6.424561	4.512939	
-4.661865	7.047729	4.199829	
-4.812622	9.235840	4.979858	
-5.428467	11.268921	4.196167	
-5.891724	11.419678	3.102417	
-5.583496	10.009766	2.322998	
-4.963989	8.444824	1.700439	
-4.501343	7.037354	1.857910	
-4.349365	6.412964	1.857910	
-4.506226	6.412964	2.012329	
-4.974365	6.883545	2.323608	
-5.283813	7.819824	2.010498	
-5.281372	7.976074	2.010498	
-5.124512	8.132324	2.011108	
-5.280762	8.287354	1.541138	
-5.592041	8.442383	1.539917	
-5.748291	8.443604	1.695557	
-6.060791	8.443604	1.850586	
-6.373901	8.132324	2.162476	
-6.375122	7.977295	2.319336	
-6.218872	7.976685	2.163696	
-6.063232	7.820435	2.164307	
-5.906982	7.664795	2.320557	
-5.907593	7.664185	2.164307	
-5.748901	8.287354	1.696167	
-5.592041	8.599854	1.696777	
-5.591431	8.756104	1.853027	
-5.590820	8.912964	1.853638	
-5.278320	8.756714	2.011108	
-5.122070	8.601074	2.167969	
-4.810791	8.289185	2.325439	
-4.499512	8.134766	2.795410	
-4.187012	8.292847	3.421021	
-4.185791	8.451538	3.890381	
-3.873291	8.140259	4.047241	
-3.719482	7.516479	4.672852	
-3.722534	6.737671	5.141602	
-3.724365	6.583252	5.767212	
-3.567505	7.210083	6.080322	
-3.251343	8.148804	6.080933	
-3.091431	9.241943	6.080933	
-3.400269	9.553833	5.924072	
-3.556519	9.240112	5.298462	
-3.559570	8.300781	5.142822	
-3.408203	7.207642	5.299072	
-3.566895	6.895142	5.298462	
-3.723145	7.051392	5.141602	
-3.722534	7.051392	5.297852	
-3.722534	7.050781	5.141602	
-3.721924	7.206421	4.829102	
-3.721313	7.362061	4.829102	
-3.876953	7.674561	4.984741	
-4.032593	7.831421	5.140381	
-4.031372	7.988281	5.140381	
-4.031372	7.832031	4.984741	
-3.876343	7.675171	4.984741	
-3.876953	7.518921	4.984741	
-3.721313	7.362671	4.985352	
-3.721313	7.362671	4.985352	
-3.721313	7.362671	4.985352	
-3.721313	7.205811	4.672852	
-3.721924	7.048950	4.516602	
-3.723145	6.735840	4.360352	
-3.723755	6.578979	4.203491	
-4.036865	6.734009	3.889160	
-4.504395	7.045288	3.575439	
-5.125732	7.819824	2.167358	
-5.125732	7.820435	2.167358	
-5.125732	7.976074	2.010498	
-5.281372	8.132324	1.853638	
-5.436401	8.444214	1.697388	
-5.436401	8.287964	1.853638	
-5.437012	8.131714	1.853638	
-5.437622	7.974854	1.696777	
-5.593872	7.974243	1.540527	
-5.593872	8.130493	1.539917	
-5.592651	8.286743	1.540527	
-5.592651	8.286743	1.696777	
-5.592041	8.599854	1.696777	
-5.591431	8.600464	1.853027	
-5.435791	8.444824	2.166138	
-5.280151	8.289185	2.166748	
-5.280762	7.976685	2.166748	
-5.125122	7.976685	2.011108	
-5.125122	7.976074	2.011108	
-5.124512	8.131714	1.698608	
-5.123901	8.287354	1.542358	
-5.123901	8.286743	1.542358	
-4.967651	8.286133	1.386719	
-4.967651	8.286133	1.542969	
-4.812012	8.130493	1.543579	
-4.812012	8.130493	1.700439	
-4.655762	8.287964	1.856689	
-4.498901	8.444824	2.013550	
-4.341431	8.757324	2.014160	
-4.340820	8.913574	2.014771	
-4.182739	9.382935	2.327881	
-4.025269	9.697266	2.952881	
-4.180908	9.386597	3.264771	
-4.184570	8.138428	3.889771	
-4.189453	6.891479	4.827881	
-4.193115	6.582642	5.609131	
-4.191895	7.054443	6.233521	
-4.189453	7.993164	6.546631	
-4.028931	9.243774	6.390381	
-4.024658	10.023804	6.077881	
-3.866577	9.865723	5.453491	
-3.868408	9.238281	4.984741	
-4.032593	7.672119	4.202881	
-4.033203	7.515869	4.046631	
-4.033203	7.515869	4.046021	
-4.189453	7.515259	4.202271	
-4.189453	7.515259	4.201660	
-4.345703	7.515869	4.201660	
-4.345703	7.515869	4.201660	
-4.345703	7.515259	4.046021	
-4.189453	7.515259	4.046021	
-4.190063	7.359009	4.046021	
-4.190063	7.359009	4.045410	
-4.189453	7.827759	4.202271	
-4.187012	8.766479	4.671021	
-4.338989	9.549561	4.826660	
-4.493408	9.705200	4.045410	
-4.025879	8.919067	3.108521	
-4.029541	7.979126	2.640381	
-4.031982	7.978516	2.327881	
-4.186401	8.445435	2.014160	
-4.497681	8.757324	2.012939	
-4.653320	8.913574	2.012939	
-4.652100	9.226074	2.012329	
-4.963379	9.537964	1.855469	
-5.118408	9.693604	1.697998	
-5.275269	9.381104	1.697998	
-5.276489	8.755493	1.541748	
-5.280151	7.974243	1.541748	
-5.282593	7.505493	1.385498	
-5.439453	7.348633	1.384888	
-5.440674	7.348633	1.384888	
-5.439453	7.661133	1.384277	
-5.594482	8.129883	1.384277	
-5.748901	8.442383	1.383667	
-5.747070	8.911133	1.383667	
-5.589600	9.223633	1.540527	
-5.432739	9.067993	1.385498	
-5.122070	8.599243	1.542358	
-4.967651	7.818604	1.543579	
-4.813843	7.506104	1.699829	
-4.815063	7.349854	1.543579	
-4.815063	7.505493	1.386719	
-4.970093	7.817383	1.386719	
-4.498291	8.604126	2.795410	
-4.340820	8.916626	2.639771	
-4.183350	9.071655	2.327881	
-3.870239	9.539795	2.329102	
-3.712769	9.383545	2.485352	
-3.558350	8.916016	2.642212	
-3.560791	7.979126	3.111572	
-3.251953	7.200317	3.893433	
-3.410645	6.890259	4.361572	
-3.565674	7.517090	4.829712	
-3.406372	8.613281	5.455933	
-3.088989	9.710083	6.238403	
-3.085938	10.024414	6.393433	
-3.399048	9.711914	6.236572	
-3.088379	8.928833	5.769653	
-2.779541	8.303223	5.927124	
-2.468262	7.835083	5.771484	
-2.313843	7.677612	5.459595	
-2.469482	7.832642	5.146484	
-2.469482	7.675171	4.990234	
-2.470093	7.674561	4.833374	
-2.626343	7.673950	4.520264	
-2.938232	7.829590	4.519653	
-3.094482	7.829590	4.675293	
-3.250732	7.830200	4.830933	
-3.250732	7.987061	4.830322	
-3.406372	7.987671	4.987183	
-3.250122	7.987671	4.830933	
-3.249512	8.143311	4.674683	
-3.093262	8.142700	4.675293	
-3.093262	8.142090	4.519653	
-2.937012	7.986450	4.675903	
-2.937622	7.987061	4.832153	
-2.938232	7.674561	4.832764	
-2.782593	7.518311	4.832764	
-2.783203	7.517700	4.676514	
-2.783203	7.517700	4.676514	
-2.939453	7.673950	4.675293	
-3.251343	7.673340	4.361572	
-3.407593	7.516479	4.360962	
-3.564453	7.359619	4.204102	
-3.877563	7.359009	4.046631	
-4.499512	8.286133	1.232300	
-4.498901	8.441772	1.232300	
-4.498291	8.441772	1.231689	
-4.653931	8.753662	1.075439	
-4.653320	8.909912	1.075439	
-4.652710	8.910522	1.387939	
-4.652710	8.911133	1.544189	
-4.653320	8.599243	1.700439	
-4.810791	8.443604	1.699829	
-4.655151	8.287354	1.544189	
-4.655151	8.286743	1.544189	
-4.811401	8.286743	1.543579	
-4.811401	8.442993	1.542969	
-4.966431	8.755493	1.542969	
-4.965820	8.756104	1.699219	
-4.965210	8.912964	1.855469	
-4.965210	8.913574	2.011719	
-4.965820	8.757324	2.011719	
-4.965820	8.601074	2.011719	
-4.966431	8.601685	2.168579	
-4.810791	8.445435	2.168579	
-4.810791	8.445435	2.012329	
-4.810791	8.444824	1.856689	
-4.654541	8.599854	1.544189	
-4.497681	8.599243	1.544800	
-4.497681	8.755493	1.701050	
-4.497070	8.756104	1.857300	
-4.497070	8.600464	1.857300	
-4.497681	8.601074	2.169800	
-4.341431	8.602295	2.326660	
-4.341431	8.758545	2.326660	
-4.184570	8.759155	2.483521	
-4.027710	9.072266	2.796631	
-4.026489	9.229126	2.952881	
-4.183350	8.761597	3.421021	
-4.030151	7.670288	4.046631	
-4.190674	6.891479	4.514771	
-4.193115	6.580200	4.983521	
-4.036255	7.050171	5.140381	
-3.877563	7.833252	5.766602	
-3.561401	8.773193	6.392212	
-3.714600	9.399414	6.234741	
-3.875732	7.828369	4.359741	
-3.875122	7.985840	4.515991	
-3.874512	8.142700	4.672852	
-3.718262	7.987061	4.829102	
-3.718872	7.831421	4.985352	
-3.563843	7.519531	5.142212	
-3.408203	7.519531	5.142822	
-3.407593	7.675171	4.986572	
-3.251343	7.830811	4.830933	
-3.250732	7.830811	4.830933	
-3.250732	7.674561	4.830322	
-3.407593	7.518311	4.830322	
-3.408203	7.518311	4.674072	
-3.564453	7.361450	4.673462	
-3.720703	7.517700	4.515991	
-3.876953	7.516479	4.359741	
-4.033203	7.515869	4.202271	
-4.189453	7.515869	4.046021	
-4.189453	7.515259	4.045410	
-4.345703	7.515259	4.044800	
-4.501953	7.670898	3.887939	
-4.656372	8.295898	3.887939	
-4.653320	9.234009	4.200439	
-4.806519	9.547729	4.199219	
-4.963379	8.920288	3.261719	
-4.966431	8.135986	2.637329	
-4.813232	7.664795	2.169189	
-4.656982	8.131714	1.543579	
-4.810181	8.911133	1.386719	
-4.963989	9.379272	1.231079	
-4.807129	9.223022	1.230469	
-4.964600	8.910522	1.074219	
-4.965210	8.909912	1.074829	
-4.809570	8.754272	1.387329	
-4.810181	8.598633	1.387939	
-4.654541	8.130493	1.701050	
-4.500122	7.974854	1.701050	
-4.500732	7.817993	1.544800	
-4.500122	7.974243	1.544800	
-4.499512	8.287354	1.701050	
-4.498291	8.599854	1.701050	
-4.653931	8.756104	1.856689	
-4.655762	8.133545	2.169189	
-4.655762	8.132935	2.013550	
-4.342651	8.288574	2.014160	
-4.342651	8.288574	2.014771	
-4.186401	8.132324	2.014771	
-4.188843	7.975464	2.171631	
-4.030151	8.132935	2.015991	
-3.719482	7.663574	2.173462	
-3.406982	7.821045	2.174072	
-3.406982	7.820435	2.643433	
-3.095093	7.509766	2.487793	
-3.096313	7.665405	2.487793	
-2.938232	8.134155	2.644653	
-2.937012	8.291016	2.957764	
-2.937012	7.979736	3.113403	
-2.938232	7.982178	3.894653	
-2.781372	7.515259	4.051514	
-2.627563	7.359009	3.895874	
-2.783203	7.670898	4.050903	
-2.937622	8.140869	4.363403	
-2.937012	8.297729	4.520264	
-2.779541	8.610840	4.520264	
-2.935791	8.297729	4.363403	
-2.780762	8.141479	4.675903	
-2.936401	8.298950	4.207153	
-2.780762	8.141479	4.676514	
-2.935791	8.610840	4.362793	
-3.560791	8.297729	4.515991	
-3.873901	8.454590	4.515991	
-3.717651	8.455811	4.829102	
-3.715820	8.923950	4.672241	
-4.027100	9.392700	4.671021	
-4.492798	10.016479	3.887939	
-4.493408	9.702148	4.357910	
-4.024658	8.923950	4.047852	
-3.403931	9.073486	2.799072	
-3.247070	8.762817	4.205933	
-3.557739	9.702759	3.266602	
-3.867188	9.855347	3.735352	
-3.557129	9.235229	4.049072	
-3.245239	9.230347	2.799683	
-3.089600	9.073486	2.956543	
-4.025879	9.700928	3.421631	
-4.022827	10.011597	3.109741	
-3.868408	9.387207	3.265991	
-3.713989	9.230957	3.267822	
-3.245850	8.762207	3.269653	
-3.091431	8.605347	2.956543	
-2.778320	9.072876	2.801514	
-2.932739	9.385376	2.644653	
-2.620239	8.915405	2.647095	
-1.994629	10.167236	2.492676	
-1.996460	7.511597	4.991455	
-2.313232	8.611450	3.896484	
-2.153931	8.450928	3.430176	
-1.372070	9.541016	2.181396	
-1.525269	8.917847	3.743896	
-1.528931	8.609009	3.900757	
-1.372070	9.233398	4.056396	
-1.681519	9.391479	4.525146	
-1.371460	8.610840	4.682617	
-1.060791	8.299561	5.151978	
-1.217651	8.144531	4.837646	
-1.842651	8.767090	4.210815	
-1.995239	9.078979	4.522705	
-2.465210	8.612061	4.990234	
-1.999512	7.362061	4.678955	
-2.315674	7.521362	7.334595	
-2.626953	7.689819	8.425903	
-2.781982	7.994385	5.303345	
-1.845093	7.363281	5.460815	
-2.318115	5.804443	6.551514	
-2.791138	5.808105	6.865845	
-2.161255	7.678223	4.521484	
-2.627563	5.795288	3.895874	
-2.327881	3.766479	4.835815	
-2.326660	5.333252	6.706543	
-4.194336	7.691040	13.106689	
-4.809570	8.490601	9.982300	
-4.187622	7.524414	3.264160	
-4.660645	6.724243	0.449829	
-5.135498	2.664795	8.574829	
-3.430176	4.743652	15.304565	
-1.998901	8.789062	3.270874	
-3.251343	8.456421	5.144653	
-2.153320	8.457031	5.618286	
-1.686401	8.148804	6.864624	
-3.407593	7.216187	7.329102	
-3.722534	7.368774	5.768433	
-2.625732	8.301392	4.992676	
-0.903320	8.768921	3.593750	
1.441040	9.226685	1.260986	
1.757812	9.382324	4.837646	
-3.881836	5.503540	12.486572	
-2.786865	7.860107	8.739624	
-2.311401	7.675171	3.430176	
-1.691895	6.575928	4.524536	
-1.848755	7.520142	5.461426	
-2.154541	9.237061	4.208984	
-2.619629	8.920898	4.208374	
-2.468262	7.048340	4.678345	
-2.320557	5.797119	3.583984	
-2.944336	7.197266	2.017822	
-3.874512	9.382935	3.265381	
-3.398438	10.330200	5.771484	
-1.992188	9.868164	5.774536	
-1.837158	9.859619	2.957764	
-3.712158	9.696045	2.483521	
-4.338989	8.137207	4.046021	
-3.879395	4.086304	6.084595	
-1.393433	1.578979	2.652588	
-1.408081	4.219971	0.457153	
-3.250732	8.284302	1.550293	
-2.779541	8.760376	3.270264	
-2.465210	8.919678	3.584595	
-2.310181	7.514648	5.147705	
-1.522217	12.224731	6.400757	
-0.588989	6.710205	-4.221802	
-2.014771	0.762329	-5.949707	
-4.230347	-4.246216	-5.642090	
-3.301392	-7.048340	-3.447266	
-2.213135	-1.417847	-2.199097	
-3.435669	5.144653	2.647095	
-1.847534	2.052002	0.145264	
-2.964478	1.096191	1.863403	
-1.875000	0.161133	1.557617	
-0.275269	9.537354	1.873779	
-0.274658	9.694214	1.873779	
-0.274658	9.694214	1.873779	
-0.274658	9.694214	1.717529	
-0.274658	9.693604	1.717529	
-0.274658	9.694214	1.873779	
-0.274658	9.694214	1.873779	
-0.274658	9.694214	1.873779	
-0.274658	9.694214	1.873779	
-0.274658	9.694214	1.873779	
-0.274658	9.694214	1.873779	
-0.274658	9.694214	1.717529	
-0.274658	9.693604	1.873779	
-0.274658	9.694214	1.873779	
-0.274658	9.694214	1.717529	
-0.274658	9.693604	1.717529	
-0.274658	9.693604	1.717529	
-0.274658	9.693604	1.873779	
-0.274658	9.694214	1.717529	
-0.274658	9.693604	1.873779	
-0.274658	9.694214	1.873779	
-0.274658	9.537964	1.873779	
-0.275269	9.537964	1.873779	
-0.274658	9.694214	1.873779	
-0.274658	9.694214	1.873779	
-0.274658	9.694214	1.873779	
-0.274658	9.694214	1.873779	
-0.274658	9.694214	1.873779	
-0.274658	9.694214	1.873779	
-0.274658	9.694214	1.873779	
-0.274658	9.694214	1.873779	
-0.274658	9.694214	1.873779	
-0.275269	9.694214	1.873779	
-0.274658	9.694214	1.873779	
-0.274658	9.694214	1.873779	
-0.274658	9.694214	1.873779	
-0.274658	9.694214	1.873779	
-0.274658	9.694214	1.873779	
-0.274658	9.694214	1.873779	
-0.274658	9.694214	1.873779	
-0.274658	9.694214	1.873779	
-0.275269	9.537964	1.873779	
-0.274658	9.694214	1.873779	
-0.274658	9.694214	1.873779	
-0.274658	9.694214	1.873779	
-0.274658	9.694214	1.873779	
-0.274658	9.694214	1.873779	
-0.274658	9.694214	1.873779	
-0.274658	9.694214	1.873779	
-0.274658	9.694214	1.873779	
-0.274658	9.694214	1.717529	
-0.274658	9.693604	1.717529	
-0.274658	9.694214	1.873779	
-0.274658	9.694214	1.874390	
-0.274658	9.694214	1.873779	
-0.274658	9.694214	1.873779	
-0.274658	9.694214	1.873779	
-0.274658	9.694214	1.873779	
-0.274658	9.694214	1.873779	
-0.274658	9.694214	1.873779	
-0.274658	9.537964	1.873779	
-0.275269	9.694214	1.873779	
-0.274658	9.694214	1.873779	
-0.274658	9.694214	1.873779	
-0.274658	9.694214	1.873779	
-0.274658	9.694214	1.873779	
-0.274658	9.694214	1.873779	
-0.274658	9.694214	1.873779	
-0.274658	9.694214	1.873779	
-0.274658	9.694214	1.873779	
-0.274658	9.694214	1.873779	
-0.274658	9.694214	1.873779	
-0.274658	9.694214	1.873779	
-0.274658	9.694214	1.873779	
-0.274658	9.694214	1.873779	
-0.274658	9.694214	1.873779	
-0.274658	9.694214	1.873779	
-0.274658	9.694214	1.873779	
-0.274658	9.537964	1.873779	
-0.275269	9.694214	1.873779	
-0.274658	9.694214	1.873779	
-0.274658	9.694214	1.873779	
-0.274658	9.694214	1.873779	
-0.274658	9.694214	1.873779	
-0.118408	9.694824	1.874390	
-0.274658	9.694214	1.873779	
-0.274658	9.694214	1.873779	
-0.274658	9.694214	1.873779	
-0.274658	9.694214	1.873779	
-0.274658	9.694214	1.873779	
-0.274658	9.694214	1.873779	
-0.274658	9.694214	1.873779	
-0.274658	9.694214	1.873779	
-0.274658	9.694214	1.873779	
-0.274658	9.694214	1.873779	
-0.274658	9.694214	1.873779	
-0.274658	9.694214	1.873779	
-0.274658	9.694214	1.873779	
-0.274658	9.694214	1.873779	
-0.274658	9.694214	1.873779	
-0.274658	9.694214	1.873779	
-0.274658	9.694214	1.873779	
-0.274658	9.694214	1.873779	
-0.274658	9.694214	1.874390	
-0.118408	9.694214	1.874390	
-0.274658	9.694214	1.873779	
-0.274658	9.694214	1.873779	
-0.274658	9.694214	1.873779	
-0.274658	9.694214	1.873779	
-0.118408	9.694214	1.873779	
-0.274658	9.694214	1.873779	
-0.274658	9.694214	1.873779	
-0.274658	9.694214	1.873779	
-0.274658	9.694214	1.873779	
-0.274658	9.694214	1.873779	
-0.274658	9.694214	1.873779	
-0.274658	9.694214	1.873779	
-0.274658	9.694214	1.873779	
-0.274658	9.694214	1.873779	
-0.274658	9.694214	1.873779	
-0.274658	9.694214	1.873779	
-0.274658	9.694214	1.873779	
-0.274658	9.694214	1.873779	
-0.274658	9.694214	1.873779	
-0.274658	9.694214	1.873779	
-0.274658	9.694214	1.873779	
-0.274658	9.694214	1.873779	
-0.274658	9.694214	1.873779	
-0.274658	9.537964	1.874390	
-0.274658	9.694214	1.873779	
-0.274658	9.694214	1.873779	
-0.274658	9.694214	1.873779	
-0.274658	9.694214	1.873779	
-0.274658	9.694214	1.873779	
-0.274658	9.694214	1.873779	
-0.274658	9.694214	1.873779	
-0.274658	9.694214	1.873779	
-0.274658	9.694214	1.873779	
-0.118408	9.694214	1.873779	
-0.274658	9.694214	1.873779	
-0.274658	9.694214	1.873779	
-0.274658	9.694214	1.873779