0.305652	-0.114246	9.953723	
0.153125	-0.114246	9.954321	
0.458777	-0.114246	9.954321	
0.458777	-0.114246	9.953723	
0.305652	-0.114844	9.953723	
0.305652	-0.114246	9.954321	
0.458777	-0.114246	9.954321	
0.305054	-0.420496	9.953723	
0.305054	1.417004	9.801196	
0.467749	0.957031	9.800598	
0.001196	0.191406	9.953125	
0.000598	0.038879	9.953125	
0.000000	-0.114246	9.952527	
-0.000598	-0.114844	9.952527	
-0.000598	-0.114844	9.952527	
-0.000598	-0.114844	9.952527	
-0.000598	-0.114844	9.800000	
0.152527	-0.114246	9.953125	
0.152527	-0.114246	9.953125	
0.152527	-0.114246	9.953125	
0.152527	-0.114246	9.953125	
0.303857	-0.574219	9.954920	
0.611902	-0.114246	9.800598	
0.152527	-0.114844	9.953125	
0.152527	-0.114246	9.953125	
0.152527	-0.114246	9.953125	
0.152527	-0.114246	9.953125	
0.305054	-0.267371	9.953723	
0.151929	-0.114246	9.952527	
-0.000598	-0.114844	9.951929	
-0.153723	-0.114844	9.951929	
-0.153723	-0.114844	9.951929	
-0.153723	-0.114844	9.951929	
-0.153723	-0.114844	9.951929	
-0.153723	-0.114844	9.952527	
-0.000598	-0.114844	9.951929	
-0.153723	-0.267969	9.951929	
-0.154321	-0.267969	9.951929	
-0.153723	-0.114844	9.951929	
-0.153723	-0.114844	9.952527	
-0.000598	-0.267969	9.952527	
-0.000598	-0.114844	9.952527	
-0.000598	-0.114844	9.952527	
-0.000598	-0.114844	10.105652	
-0.000598	-0.114246	10.105652	
0.151929	-0.267371	9.953125	
0.151929	-0.267371	9.953125	
0.152527	-0.114246	9.800000	
0.152527	-0.114246	9.953125	
-0.000598	-0.114844	9.800000	
-0.000598	-0.114844	9.952527	
-0.000598	-0.114844	9.952527	
0.152527	-0.114844	9.800000	
0.152527	-0.114844	9.800000	
0.152527	-0.114844	9.952527	
-0.001196	-0.267969	9.952527	
-0.001196	-0.114844	9.952527	
-0.000598	-0.114844	9.952527	
-0.000598	-0.114844	9.952527	
-0.000598	-0.114844	9.952527	
-0.000598	-0.114844	9.952527	
-0.000598	-0.114844	9.952527	
-0.000598	-0.114844	9.952527	
-0.000598	-0.114844	9.952527	
-0.000598	-0.114844	9.952527	
-0.000598	-0.114844	9.952527	
-0.000598	-0.114844	9.952527	
-0.000598	-0.114844	9.952527	
-0.000598	-0.114844	9.952527	
-0.000598	-0.114844	9.952527	
-0.153723	-0.114844	9.951929	
-0.153723	-0.114844	9.951929	
-0.153723	-0.114844	9.951929	
-0.153723	-0.114844	9.951929	
-0.154321	-0.267969	9.951929	
-0.153723	-0.114844	9.951929	
-0.153723	-0.267969	9.952527	
-0.001196	-0.267969	9.952527	
-0.000598	-0.114844	9.952527	
-0.000598	-0.114844	9.952527	
-0.000598	-0.114844	9.952527	
-0.000598	-0.114844	9.952527	
-0.000598	-0.114844	9.952527	
-0.000598	-0.114844	9.952527	
-0.000598	-0.114844	9.952527	
-0.000598	-0.114844	9.952527	
-0.000598	-0.267969	9.952527	
-0.000598	-0.114844	9.952527	
-0.000598	-0.114844	9.952527	
-0.000598	-0.267969	9.952527	
-0.001196	-0.114844	9.952527	
-0.000598	-0.114844	9.952527	
-0.000598	-0.267969	9.952527	
-0.000598	-0.114844	9.952527	
-0.000598	-0.114844	9.952527	
-0.153723	-0.114844	9.951929	
-0.154321	-0.267969	9.951929	
-0.001196	-0.267969	9.952527	
-0.001196	-0.114844	9.951929	
-0.153723	-0.267969	9.952527	
-0.001196	-0.267969	9.952527	
-0.153723	-0.114844	9.952527	
-0.153723	-0.114844	9.951929	
-0.154321	-0.267969	9.951929	
-0.154321	-0.267969	9.951929	
-0.154321	-0.267969	9.952527	
-0.154321	-0.114844	9.951929	
-0.154321	-0.268567	9.798803	
-0.001196	-0.268567	9.951929	
-0.001196	-0.267969	9.952527	
-0.001196	-0.267969	9.952527	
-0.001196	-0.267969	9.952527	
-0.001196	-0.267969	9.952527	
-0.001196	-0.267969	9.951929	
-0.154321	-0.267969	9.951929	
-0.000598	-0.114844	9.952527	
-0.001196	-0.267969	9.952527	
-0.001196	-0.114844	9.952527	
-0.000598	-0.114844	9.952527	
-0.000598	-0.267969	9.952527	
-0.154321	-0.267969	9.951929	
-0.154321	-0.267969	9.951929	
-0.001196	-0.267969	9.952527	
-0.000598	-0.267969	9.952527	
-0.001196	-0.267969	9.952527	
-0.001196	-0.267969	9.952527	
-0.154321	-0.267969	9.952527	
-0.001196	-0.267969	9.952527	
-0.001196	-0.267969	9.952527	
-0.001196	-0.267969	9.952527	
-0.000598	-0.114844	9.951929	
-0.001196	-0.267969	9.952527	
-0.001196	-0.267969	9.951929	
-0.154321	-0.267969	9.951929	
-0.001196	-0.267969	9.952527	
-0.001196	-0.267969	9.952527	
-0.001196	-0.267969	9.952527	
-0.001196	-0.267969	9.952527	
-0.154321	-0.267969	9.951929	
-0.001196	-0.267969	9.952527	
-0.001196	-0.267969	9.799402	
-0.001196	-0.268567	9.951929	
-0.154321	-0.267969	9.952527	
-0.001196	-0.267969	9.952527	
-0.154321	-0.267969	9.952527	
-0.001196	-0.114844	9.951929	
-0.153723	-0.114844	9.951929	
-0.154321	-0.268567	9.798803	
-0.154321	-0.267969	9.951929	
-0.154321	-0.267969	9.798803	
-0.154321	-0.268567	9.798803	
-0.154321	-0.267969	9.951929	
-0.154321	-0.267969	9.952527	
-0.001196	-0.267969	9.951929	
-0.001196	-0.268567	9.799402	
-0.154321	-0.267969	9.798803	
-0.154321	-0.268567	9.951929	
-0.154321	-0.267969	9.951929	
-0.154321	-0.267969	9.951929	
-0.154321	-0.114844	9.798803	
-0.153723	-0.114844	9.951929	
-0.153723	-0.114844	9.951929	
-0.154321	-0.267969	9.951929	
-0.154321	-0.115442	9.798803	
-0.153723	-0.115442	9.951929	
-0.154321	-0.267969	9.951929	
-0.154321	-0.267969	9.951929	
-0.154321	-0.268567	9.799402	
-0.154321	-0.267969	9.951929	
-0.154321	-0.114844	9.951929	
-0.153723	-0.114844	9.951929	
-0.153723	-0.267969	9.951929	
-0.154321	-0.267969	9.798803	
-0.154321	-0.267969	9.951929	
-0.154321	-0.267969	9.951929	
-0.154321	-0.267969	9.951929	
-0.154321	-0.267969	9.951929	
-0.001196	-0.267969	9.952527	
-0.154321	-0.267969	9.951929	
-0.154321	-0.268567	9.951929	
-0.153723	-0.115442	9.798803	
-0.153723	-0.268567	9.798803	
-0.001196	-0.268567	9.799402	
-0.001196	-0.268567	9.799402	
-0.000598	-0.267969	9.799402	
-0.001196	-0.268567	9.952527	
-0.001196	-0.268567	9.799402	
-0.154321	-0.268567	9.798803	
-0.001196	-0.267969	9.952527	
-0.001196	-0.267969	9.799402	
-0.001196	-0.268567	9.799402	
-0.001196	-0.267969	9.952527	
-0.001196	-0.267969	9.952527	
-0.001196	-0.267969	9.799402	
-0.001196	-0.268567	9.799402	
-0.001196	-0.268567	9.952527	
-0.001196	-0.267969	9.951929	
-0.154321	-0.267969	9.951929	
-0.001196	-0.267969	9.952527	
-0.001196	-0.267969	9.952527	
-0.001196	-0.267969	9.952527	
-0.001196	-0.114844	9.952527	
-0.001196	-0.267969	9.952527	
-0.001196	-0.267969	9.952527	
-0.001196	-0.267969	9.952527	
-0.001196	-0.267969	9.952527	
-0.001196	-0.267969	9.952527	
-0.001196	-0.268567	9.799402	
-0.001196	-0.268567	9.952527	
-0.001196	-0.267969	9.952527	
-0.000598	-0.114844	9.952527	
-0.001196	-0.267969	9.952527	
-0.001196	-0.267969	9.952527	
-0.001196	-0.267969	9.952527	
-0.001196	-0.268567	9.799402	
-0.001196	-0.268567	9.952527	
-0.001196	-0.267969	9.952527	
-0.001196	-0.267969	9.952527	
-0.001196	-0.267969	9.952527	
-0.001196	-0.267969	9.952527	
-0.001196	-0.267969	9.952527	
-0.001196	-0.267969	9.952527	
-0.001196	-0.268567	9.799402	
-0.001196	-0.267969	9.799402	
-0.001196	-0.268567	9.799402	
-0.001196	-0.268567	9.952527	
-0.001196	-0.267969	9.799402	
-0.001196	-0.267969	9.952527	
-0.001196	-0.267969	9.952527	
-0.001196	-0.267969	9.952527	
-0.001196	-0.267969	9.952527	
-0.001196	-0.267969	9.952527	
-0.154321	-0.267969	9.798803	
-0.153723	-0.115442	9.952527	
-0.001196	-0.267969	9.952527	
-0.001196	-0.267969	9.952527	
-0.001196	-0.267969	9.799402	
-0.001196	-0.268567	9.799402	
-0.001196	-0.268567	9.952527	
-0.001196	-0.267969	9.952527	
-0.001196	-0.267969	9.952527	
-0.001196	-0.268567	9.952527	
-0.001196	-0.268567	9.799402	
-0.001196	-0.268567	9.799402	
-0.001196	-0.268567	9.799402	
-0.001196	-0.267969	9.952527	
-0.001196	-0.114844	9.952527	
-0.000598	-0.114844	9.952527	
-0.000598	-0.268567	9.799402	
-0.001196	-0.267969	9.952527	
-0.001196	-0.267969	9.952527	
-0.001196	-0.267969	9.952527	
-0.000598	-0.267969	9.952527	
-0.000598	-0.114844	9.952527	
-0.000598	-0.267969	9.952527	
-0.001196	-0.267969	9.952527	
-0.001196	-0.267969	9.952527	
-0.001196	-0.267969	9.952527	
-0.001196	-0.267969	9.952527	
-0.001196	-0.267969	9.952527	
-0.001196	-0.267969	9.799402	
-0.001196	-0.267969	9.952527	
-0.001196	-0.267969	9.952527	
-0.001196	-0.114844	9.952527	
-0.000598	-0.267969	9.952527	
-0.001196	-0.267969	9.952527	
-0.001196	-0.267969	9.952527	
-0.001196	-0.267969	9.952527	
-0.001196	-0.267969	9.952527	
-0.000598	-0.114844	9.952527	
-0.001196	-0.267969	9.800000	
-0.000598	-0.114844	9.952527	
-0.001196	-0.267969	9.952527	
-0.000598	-0.114844	9.952527	
-0.000598	-0.114844	9.799402	
-0.001196	-0.268567	9.952527	
-0.001196	-0.267969	9.952527	
-0.000598	-0.114844	9.952527	
-0.000598	-0.267969	9.952527	
-0.001196	-0.267969	9.952527	
-0.001196	-0.267969	9.952527	
-0.001196	-0.267969	9.952527	
-0.001196	-0.267969	9.952527	
-0.001196	-0.267969	9.799402	
-0.001196	-0.114844	9.952527	
-0.000598	-0.114844	9.952527	
-0.001196	-0.268567	9.952527	
-0.000598	-0.114844	9.952527	
-0.000598	-0.114844	9.952527	
-0.000598	-0.114844	9.952527	
-0.000598	-0.114844	9.952527	
-0.000598	-0.267969	9.952527	
-0.001196	-0.267969	9.952527	
-0.001196	-0.267969	9.952527	
-0.000598	-0.267969	9.952527	
-0.001196	-0.267969	9.952527	
-0.001196	-0.267969	9.799402	
-0.001196	-0.267969	9.952527	
-0.001196	-0.267969	9.952527	
-0.001196	-0.267969	9.952527	
-0.001196	-0.267969	9.952527	
-0.001196	-0.267969	9.799402	
-0.000598	-0.268567	9.799402	
-0.001196	-0.268567	9.799402	
-0.001196	-0.267969	9.952527	
-0.001196	-0.268567	9.799402	
-0.001196	-0.267969	9.952527	
-0.001196	-0.267969	9.799402	
-0.000598	-0.114844	9.952527	
-0.001196	-0.267969	9.952527	
-0.000598	-0.114844	9.952527	
-0.001196	-0.267969	9.952527	
-0.001196	-0.267969	9.952527	
-0.001196	-0.267969	9.952527	
-0.001196	-0.267969	9.952527	
-0.001196	-0.267969	9.952527	
-0.000598	-0.114844	9.952527	
-0.000598	-0.114844	9.952527	
-0.000598	-0.114844	9.952527	
-0.000598	-0.267969	9.952527	
-0.001196	-0.267969	9.952527	
-0.001196	-0.114844	9.952527	
-0.000598	-0.114844	9.952527	
-0.000598	-0.267969	9.952527	
-0.001196	-0.114844	9.952527	
-0.000598	-0.114844	9.952527	
-0.000598	-0.114844	9.800000	
-0.001196	-0.267969	9.952527	
0.152527	-0.267969	9.800000	
0.151929	-0.267969	9.952527	
-0.001196	-0.267969	9.952527	
-0.001196	-0.267969	9.952527	
-0.001196	-0.114844	9.952527	
-0.001196	-0.114844	9.952527	
-0.000598	-0.114844	9.952527	
-0.001196	-0.267969	9.952527	
0.151929	-0.267969	9.952527	
-0.001196	-0.114844	9.952527	
-0.000598	-0.267969	9.799402	
-0.001196	-0.268567	9.799402	
-0.001196	-0.268567	9.952527	
-0.001196	-0.267969	9.952527	
-0.001196	-0.267969	9.952527	
-0.001196	-0.267969	9.952527	
-0.001196	-0.267969	9.952527	
-0.001196	-0.114844	9.800000	
-0.001196	-0.267969	9.952527	
0.152527	-0.114844	9.800000	
-0.001196	-0.267969	9.952527	
-0.001196	-0.267969	9.952527	
-0.001196	-0.267969	9.952527	
-0.001196	-0.267969	9.952527	
-0.001196	-0.267969	9.952527	
-0.001196	-0.268567	9.799402	
-0.001196	-0.267969	9.799402	
-0.001196	-0.267969	9.952527	
-0.001196	-0.267969	9.952527	
-0.001196	-0.267969	9.952527	
-0.001196	-0.267969	9.952527	
-0.001196	-0.267969	9.952527	
-0.001196	-0.267969	9.952527	
-0.001196	-0.267969	9.952527	
-0.001196	-0.267969	9.952527	
-0.001196	-0.267969	9.952527	
-0.001196	-0.268567	9.799402	
-0.001196	-0.114844	9.952527	
-0.000598	-0.114844	9.952527	
-0.001196	-0.267969	9.799402	
-0.001196	-0.267969	9.952527	
-0.001196	-0.267969	9.952527	
-0.001196	-0.267969	9.952527	
-0.001196	-0.268567	9.952527	
-0.001196	-0.267969	9.952527	
-0.001196	-0.267969	9.952527	
-0.001196	-0.267969	9.952527	
-0.001196	-0.267969	9.952527	
-0.000598	-0.114844	9.952527	
-0.000598	-0.114844	9.799402	
-0.000598	-0.115442	9.799402	
-0.001196	-0.268567	9.799402	
-0.001196	-0.268567	9.799402	
-0.001196	-0.268567	9.799402	
-0.001196	-0.268567	9.952527	
-0.001196	-0.267969	9.952527	
-0.001196	-0.114844	9.800000	
0.151929	-0.267969	9.952527	
-0.001196	-0.267969	9.952527	
-0.000598	-0.114844	9.952527	
-0.001196	-0.267969	9.952527	
-0.001196	-0.267969	9.952527	
-0.001196	-0.267969	9.799402	
-0.001196	-0.268567	9.952527	
-0.001196	-0.114844	9.952527	
-0.000598	-0.267969	9.952527	
-0.001196	-0.267969	9.952527	
-0.001196	-0.268567	9.799402	
-0.001196	-0.268567	9.799402	
-0.001196	-0.115442	9.799402	
-0.000598	-0.268567	9.799402	
-0.001196	-0.268567	9.952527	
-0.000598	-0.114844	9.952527	
-0.001196	-0.267969	9.952527	
-0.001196	-0.268567	9.952527	
-0.001196	-0.267969	9.952527	
-0.001196	-0.114844	9.952527	
-0.000598	-0.267969	9.799402	
-0.001196	-0.114844	9.952527	
-0.001196	-0.267969	9.952527	
0.151929	-0.267969	9.800000	
-0.001196	-0.267969	9.800000	
-0.001196	-0.267969	9.799402	
-0.001196	-0.268567	9.952527	
-0.000598	-0.267969	9.952527	
-0.001196	-0.114844	9.952527	
-0.000598	-0.114844	9.952527	
-0.000598	-0.114844	9.799402	
-0.001196	-0.268567	9.952527	
-0.001196	-0.267969	9.952527	
-0.000598	-0.114844	9.952527	
-0.001196	-0.267969	9.952527	
-0.001196	-0.268567	9.952527	
-0.001196	-0.267969	9.799402	
-0.000598	-0.115442	9.646875	
0.152527	-0.115442	9.646875	
-0.000598	-0.114844	9.952527	
-0.000598	-0.114844	9.952527	
-0.000598	-0.114844	9.952527	
-0.001196	-0.267969	9.952527	
-0.001196	-0.267969	9.952527	
-0.000598	-0.114844	9.952527	
-0.001196	-0.267969	9.799402	
-0.001196	-0.268567	9.799402	
-0.001196	-0.268567	9.799402	
-0.001196	-0.268567	9.799402	
0.151929	-0.114844	9.800000	
-0.000598	-0.114844	9.799402	
-0.000598	-0.114844	9.952527	
-0.000598	-0.267969	9.952527	
-0.000598	-0.267969	9.952527	
-0.001196	-0.267969	9.952527	
-0.000598	-0.114844	9.952527	
-0.001196	-0.267969	9.952527	
-0.001196	-0.267969	9.952527	
-0.000598	-0.114844	9.952527	
-0.000598	-0.114844	9.952527	
-0.000598	-0.267969	9.952527	
-0.001196	-0.267969	9.952527	
-0.001196	-0.267969	9.952527	
-0.001196	-0.114844	9.952527	
-0.000598	-0.115442	9.952527	
-0.001196	-0.267969	9.952527	
-0.001196	-0.268567	9.799402	
-0.001196	-0.268567	9.799402	
-0.000598	-0.268567	9.799402	
-0.001196	-0.268567	9.952527	
-0.001196	-0.114844	9.952527	
-0.000598	-0.267969	9.952527	
-0.001196	-0.267969	9.952527	
-0.001196	-0.267969	9.952527	
-0.001196	-0.267969	9.800000	
0.151929	-0.267969	9.952527	
-0.001196	-0.267969	9.952527	
-0.001196	-0.267969	9.952527	
-0.001196	-0.267969	9.952527	
-0.001196	-0.267969	9.952527	
-0.001196	-0.115442	9.799402	
-0.000598	-0.268567	9.799402	
-0.001196	-0.268567	9.952527	
-0.001196	-0.267969	9.799402	
-0.000598	-0.267969	9.952527	
-0.001196	-0.267969	9.952527	
-0.001196	-0.115442	9.952527	
-0.001196	-0.267969	9.799402	
-0.001196	-0.115442	9.952527	
-0.000598	-0.114844	9.799402	
-0.000598	-0.268567	9.799402	
-0.001196	-0.267969	9.952527	
-0.000598	-0.267969	9.952527	
-0.001196	-0.267969	9.952527	
-0.001196	-0.267969	9.952527	
-0.001196	-0.267969	9.952527	
-0.001196	-0.267969	9.952527	
-0.001196	-0.267969	9.952527	
-0.001196	-0.267969	9.952527	
-0.001196	-0.268567	9.952527	
-0.001196	-0.267969	9.952527	
-0.000598	-0.114844	9.952527	
-0.000598	-0.114844	9.799402	
-0.000598	-0.268567	9.799402	
-0.001196	-0.115442	9.799402	
-0.000598	-0.115442	9.799402	
-0.001196	-0.268567	9.799402	
-0.001196	-0.268567	9.952527	
-0.001196	-0.267969	9.952527	
-0.001196	-0.114844	9.952527	
-0.000598	-0.268567	9.952527	
-0.001196	-0.267969	9.952527	
-0.001196	-0.267969	9.952527	
-0.001196	-0.267969	9.952527	
-0.000598	-0.267969	9.952527	
-0.001196	-0.267969	9.952527	
-0.001196	-0.268567	9.799402	
-0.001196	-0.267969	9.952527	
-0.001196	-0.267969	9.952527	
0.152527	-0.114844	9.952527	
-0.000598	-0.267969	9.952527	
-0.001196	-0.267969	9.952527	
-0.001196	-0.267969	9.952527	
-0.000598	-0.114844	9.952527	
-0.001196	-0.115442	9.799402	
-0.000598	-0.267969	9.952527	
-0.000598	-0.114844	9.952527	
0.151929	-0.267969	9.952527	
-0.001196	-0.267969	9.952527	
0.151929	-0.114844	9.800000	
0.152527	-0.114844	9.800000	
0.151929	-0.267969	9.800000	
-0.001196	-0.267969	9.798803	
-0.001196	-0.267969	9.953723	
0.151929	-0.267371	9.800000	
-0.001196	-0.267969	9.952527	
-0.001196	0.038879	10.259974	
0.308044	0.346924	10.258179	
-0.611304	1.263879	9.493152	
0.007178	2.026514	9.340027	
-0.451001	2.791541	9.492554	
-0.446814	3.710889	9.032580	
-0.443225	4.627246	8.420679	
-0.439636	5.237353	7.807580	
0.310437	0.485693	5.054321	
-0.284717	6.446204	2.906384	
-0.892432	7.817749	4.589563	
-1.193897	6.759033	6.582581	
-0.125610	8.755640	5.969482	
-0.728540	12.579577	7.497742	
-1.631738	12.735095	5.045349	
-2.096497	10.430445	3.361572	
-1.187317	9.199463	4.897607	
-0.883459	9.355578	2.292688	
-1.034790	9.499133	1.220215	
-1.187915	9.496740	0.760840	
-1.187915	9.496142	0.607715	
-1.034790	9.495544	0.455188	
-1.034790	9.494349	0.302063	
-1.034790	9.494349	0.302063	
-1.034790	9.493750	0.149536	
-0.728540	9.646276	-0.002991	
-0.728540	9.645679	-0.156116	
-0.728540	9.645679	-0.156116	
-0.728540	9.645679	-0.156116	
-0.728540	9.645081	-0.309241	
-0.728540	9.645081	-0.309241	
-0.728540	9.645081	-0.309241	
-0.728540	9.645081	-0.462366	
-0.728540	9.644483	-0.462366	
-0.728540	9.644483	-0.462366	
-0.728540	9.644483	-0.462366	
-0.728540	9.644483	-0.462366	
-0.728540	9.644483	-0.462366	
-0.728540	9.644483	-0.462366	
-0.728540	9.643885	-0.615491	
-0.728540	9.643885	-0.615491	
-0.728540	9.643885	-0.615491	
-0.728540	9.643885	-0.615491	
-0.728540	9.643885	-0.615491	
-0.728540	9.643885	-0.615491	
-0.728540	9.643885	-0.615491	
-0.728540	9.643885	-0.615491	
-0.575415	9.643885	-0.614893	
-0.575415	9.643885	-0.614893	
-0.575415	9.643885	-0.614893	
-0.575415	9.643885	-0.615491	
-0.728540	9.643885	-0.615491	
-0.728540	9.643885	-0.615491	
-0.728540	9.643286	-0.768616	
-0.728540	9.643286	-0.615491	
-0.728540	9.643885	-0.615491	
-0.728540	9.643885	-0.615491	
-0.728540	9.643885	-0.615491	
-0.728540	9.643885	-0.615491	
-0.575415	9.643885	-0.614893	
-0.575415	9.643885	-0.614893	
-0.575415	9.643885	-0.614893	
-0.575415	9.643885	-0.614893	
-0.575415	9.643885	-0.614893	
-0.575415	9.643885	-0.614893	
-0.728540	9.643885	-0.615491	
-0.575415	9.643885	-0.614893	
-0.728540	9.643885	-0.614893	
-0.575415	9.643885	-0.461768	
-0.575415	9.644483	-0.461768	
-0.575415	9.644483	-0.461768	
-0.575415	9.643885	-0.614893	
-0.575415	9.643885	-0.614893	
-0.575415	9.643885	-0.614893	
-0.575415	9.643885	-0.614893	
-0.575415	9.644483	-0.461768	
-0.575415	9.644483	-0.614893	
-0.575415	9.643885	-0.614893	
-0.575415	9.643885	-0.614893	
-0.728540	9.643885	-0.615491	
-0.575415	9.643885	-0.614893	
-0.575415	9.643885	-0.461768	
-0.575415	9.644483	-0.614893	
-0.575415	9.643885	-0.614893	
-0.575415	9.643885	-0.614893	
-0.575415	9.643885	-0.614893	
-0.575415	9.643885	-0.614893	
-0.575415	9.643885	-0.614893	
-0.575415	9.643885	-0.614893	
-0.575415	9.643885	-0.614893	
-0.575415	9.643885	-0.614893	
-0.575415	9.643286	-0.614893	
-0.575415	9.643885	-0.614893	
-0.575415	9.643885	-0.614893	
-0.575415	9.643885	-0.614893	
-0.575415	9.643885	-0.614893	
-0.575415	9.643885	-0.614893	
-0.575415	9.643885	-0.614893	
-0.575415	9.643885	-0.614893	
-0.575415	9.643885	-0.614893	
-0.575415	9.643885	-0.614893	
-0.575415	9.643885	-0.614893	
-0.575415	9.643885	-0.461768	
-0.575415	9.643885	-0.614893	
-0.575415	9.643885	-0.614893	
-0.575415	9.643885	-0.614893	
-0.575415	9.643885	-0.614893	
-0.575415	9.643885	-0.461768	
-0.575415	9.644483	-0.461768	
-0.422290	9.643885	-0.614893	
-0.575415	9.643885	-0.614893	
-0.575415	9.643885	-0.614893	
-0.575415	9.643885	-0.614893	
-0.575415	9.643885	-0.614893	
-0.575415	9.643885	-0.614893	
-0.575415	9.643885	-0.614893	
-0.575415	9.643885	-0.614893	
-0.575415	9.644483	-0.461768	
-0.575415	9.643885	-0.614893	
-0.575415	9.643885	-0.614294	
-0.575415	9.643885	-0.614893	
-0.575415	9.643885	-0.614893	
-0.575415	9.643885	-0.614893	
-0.575415	9.643885	-0.614893	
-0.575415	9.643885	-0.614893	
-0.575415	9.643885	-0.614893	
-0.575415	9.643885	-0.614893	
-0.575415	9.643885	-0.614893	
-0.575415	9.643885	-0.614893	
-0.575415	9.643885	-0.614893	
-0.575415	9.643885	-0.614893	
-0.575415	9.643885	-0.614893	
-0.575415	9.643885	-0.614893	
-0.575415	9.643885	-0.614893	
-0.422290	9.643885	-0.614893	
-0.575415	9.643885	-0.614893	
-0.575415	9.643885	-0.614893	
-0.575415	9.643885	-0.614893	
-0.422290	9.643885	-0.614294	
-0.422290	9.643885	-0.614294	
-0.575415	9.643885	-0.614893	
-0.422290	9.643885	-0.614893	
-0.575415	9.643885	-0.614893	
-0.575415	9.643885	-0.614893	
-0.575415	9.643885	-0.614893	
-0.575415	9.643885	-0.614893	
-0.422290	9.643885	-0.614294	
-0.575415	9.643885	-0.614893	
-0.575415	9.643885	-0.614893	
-0.575415	9.643885	-0.614893	
-0.575415	9.643885	-0.614893	
-0.422290	9.644483	-0.614294	
-0.575415	9.643885	-0.614294	
-0.575415	9.643885	-0.614294	
-0.422290	9.643885	-0.614294	
-0.422290	9.643885	-0.614893	
-0.575415	9.643885	-0.614893	
-0.422290	9.643885	-0.614893	
-0.575415	9.644483	-0.461768	
-0.575415	9.644483	-0.614294	
-0.575415	9.643885	-0.614893	
-0.575415	9.643885	-0.614893	
-0.422290	9.643885	-0.614893	
-0.575415	9.643885	-0.614893	
-0.575415	9.643885	-0.614893	
-0.575415	9.643885	-0.614294	
-0.422290	9.643885	-0.614893	
-0.575415	9.644483	-0.461169	
-0.575415	9.643885	-0.614893	
-0.422290	9.644483	-0.614294	
-0.422290	9.643885	-0.461169	
-0.422290	9.644483	-0.461169	
-0.422290	9.644483	-0.614893	
-0.422290	9.643885	-0.614294	
-0.422290	9.643885	-0.614294	
-0.422290	9.643885	-0.614294	
-0.422290	9.643885	-0.614294	
-0.575415	9.644483	-0.461768	
-0.575415	9.644483	-0.614893	
-0.422290	9.643885	-0.614893	
-0.575415	9.644483	-0.461768	
-0.575415	9.644483	-0.461768	
-0.422290	9.644483	-0.614294	
-0.422290	9.643885	-0.461169	
-0.422290	9.644483	-0.614294	
-0.422290	9.643885	-0.614294	
-0.422290	9.643885	-0.461169	
-0.422290	9.644483	-0.461169	
-0.575415	9.644483	-0.461768	
-0.575415	9.644483	-0.614893	
-0.575415	9.643885	-0.614893	
-0.422290	9.643885	-0.614294	
-0.422290	9.643885	-0.614294	
-0.575415	9.643885	-0.461768	
-0.575415	9.644483	-0.614893	
-0.422290	9.643885	-0.461169	
-0.422290	9.644483	-0.461169	
-0.422290	9.644483	-0.461768	
-0.575415	9.644483	-0.461169	
-0.422290	9.644483	-0.461169	
-0.422290	9.644483	-0.461169	
-0.422290	9.644483	-0.614294	
-0.422290	9.643885	-0.461169	
-0.422290	9.644483	-0.461169	
-0.422290	9.644483	-0.461169	
-0.422290	9.643885	-0.614294	
-0.422290	9.643885	-0.614294	
-0.422290	9.644483	-0.461169	
-0.422290	9.644483	-0.461169	
-0.422290	9.644483	-0.461169	
-0.422290	9.644483	-0.461169	
-0.422290	9.644483	-0.461169	
-0.575415	9.644483	-0.461169	
-0.422290	9.644483	-0.461169	
-0.422290	9.644483	-0.461169	
-0.422290	9.644483	-0.461169	
-0.422290	9.644483	-0.461169	
-0.422290	9.644483	-0.461169	
-0.422290	9.644483	-0.461169	
-0.422290	9.644483	-0.461169	
-0.422290	9.644483	-0.461169	
-0.422290	9.644483	-0.614294	
-0.422290	9.643885	-0.461169	
-0.422290	9.644483	-0.461169	
-0.422290	9.644483	-0.461169	
-0.422290	9.644483	-0.461169	
-0.422290	9.644483	-0.461169	
-0.422290	9.644483	-0.614294	
-0.422290	9.643885	-0.614294	
-0.422290	9.643885	-0.614294	
-0.422290	9.643885	-0.614294	
-0.422290	9.643885	-0.614294	
-0.422290	9.643885	-0.614294	
-0.422290	9.643885	-0.461169	
-0.422290	9.644483	-0.461169	
-0.422290	9.644483	-0.461169	
-0.422290	9.643885	-0.614294	
-0.422290	9.643885	-0.461169	
-0.422290	9.644483	-0.614294	
-0.422290	9.643885	-0.461169	
-0.422290	9.644483	-0.461169	
-0.422290	9.644483	-0.461169	
-0.422290	9.644483	-0.461169	
-0.422290	9.644483	-0.461169	
-0.422290	9.644483	-0.461169	
-0.422290	9.644483	-0.461169	
-0.422290	9.644483	-0.461169	
-0.422290	9.644483	-0.614294	
-0.422290	9.644483	-0.461169	
-0.422290	9.644483	-0.614294	
-0.422290	9.643885	-0.461169	
-0.422290	9.644483	-0.614294	
-0.422290	9.643885	-0.614294	
-0.422290	9.643885	-0.614294	
-0.422290	9.643885	-0.461169	
-0.422290	9.644483	-0.461169	
-0.422290	9.643885	-0.614294	
-0.422290	9.643885	-0.614294	
-0.422290	9.643885	-0.614294	
-0.422290	9.643885	-0.614294	
-0.422290	9.643885	-0.614294	
-0.422290	9.643885	-0.614294	
-0.422290	9.643885	-0.614294	
-0.422290	9.643885	-0.461169	
-0.422290	9.643885	-0.614294	
-0.422290	9.643885	-0.614294	
-0.422290	9.644483	-0.461169	
-0.422290	9.643885	-0.614294	
-0.422290	9.643885	-0.614294	
-0.422290	9.643885	-0.614294	
-0.422290	9.643885	-0.614294	
-0.422290	9.643885	-0.614294	
-0.422290	9.643885	-0.614294	
-0.422290	9.643885	-0.614294	
-0.422290	9.643885	-0.614294	
-0.422290	9.643885	-0.461169	
-0.422290	9.644483	-0.461169	
-0.422290	9.644483	-0.461169	
-0.422290	9.643885	-0.614294	
-0.422290	9.643885	-0.614294	
-0.422290	9.643885	-0.614294	
-0.422290	9.643885	-0.614294	
-0.422290	9.643885	-0.614294	
-0.422290	9.643885	-0.614294	
-0.422290	9.643885	-0.614294	
-0.422290	9.643885	-0.614294	
-0.422290	9.643885	-0.613696	
-0.422290	9.643885	-0.614294	
-0.422290	9.643885	-0.614294	
-0.422290	9.643885	-0.614294	
-0.422290	9.643885	-0.614294	
-0.422290	9.643885	-0.614294	
-0.422290	9.643885	-0.614294	
-0.269165	9.643885	-0.614294	
-0.422290	9.643885	-0.614294	
-0.422290	9.644483	-0.614294	
-0.422290	9.643885	-0.614294	
-0.422290	9.643885	-0.614294	
-0.422290	9.643885	-0.614294	
-0.422290	9.643885	-0.614294	
-0.422290	9.643885	-0.614294	
-0.422290	9.643885	-0.614294	
-0.422290	9.644483	-0.614294	
-0.422290	9.643885	-0.614294	
-0.422290	9.643885	-0.614294	
-0.422290	9.643885	-0.614294	
-0.422290	9.643885	-0.614294	
-0.269165	9.643885	-0.613696	
-0.422290	9.643885	-0.614294	
-0.422290	9.643885	-0.614294	
-0.422290	9.643885	-0.614294	
-0.422290	9.643885	-0.614294	
-0.422290	9.643885	-0.614294	
-0.422290	9.643885	-0.614294	
-0.422290	9.643885	-0.614294	
-0.422290	9.643885	-0.614294	
-0.422290	9.643885	-0.614294	
-0.422290	9.643885	-0.614294	
-0.422290	9.643885	-0.614294	
-0.269165	9.643885	-0.613696	
-0.269165	9.643885	-0.613696	
-0.269165	9.643885	-0.613696	
-0.269165	9.643885	-0.613696	
-0.422290	9.643885	-0.614294	
-0.422290	9.643885	-0.614294	
-0.422290	9.643885	-0.614294	
-0.269165	9.643885	-0.613696	
-0.269165	9.643885	-0.613696	
-0.269165	9.643885	-0.613696	
-0.422290	9.643885	-0.614294	
-0.422290	9.643885	-0.614294	
-0.422290	9.643885	-0.613696	
-0.269165	9.643885	-0.613696	
-0.269165	9.643885	-0.613696	
-0.269165	9.643885	-0.614294	
-0.422290	9.643885	-0.613696	
-0.269165	9.643885	-0.613696	
-0.269165	9.643885	-0.613696	
-0.269165	9.643885	-0.614294	
-0.422290	9.643885	-0.614294	
-0.269165	9.643885	-0.613696	
-0.269165	9.643885	-0.613696	
-0.269165	9.643885	-0.613696	
-0.422290	9.643885	-0.614294	
-0.269165	9.643885	-0.766821	
-0.269165	9.643286	-0.614294	
-0.269165	9.643885	-0.613696	
-0.269165	9.643885	-0.613696	
-0.269165	9.643885	-0.613696	
-0.269165	9.643885	-0.613696	
-0.269165	9.643885	-0.613696	
-0.269165	9.643885	-0.613696	
-0.269165	9.643885	-0.613696	
-0.269165	9.643885	-0.613696	
-0.269165	9.643885	-0.613696	
-0.269165	9.643885	-0.613696	
-0.422290	9.643885	-0.613696	
-0.269165	9.643286	-0.613696	
-0.269165	9.643885	-0.613696	
-0.269165	9.643885	-0.613696	
-0.269165	9.643885	-0.613696	
-0.422290	9.643286	-0.766821	
-0.269165	9.643885	-0.614294	
0.037085	9.490759	-0.918152	
-0.116040	9.643885	-0.613098	
-0.116040	9.643885	-0.766821	
-0.422290	9.642090	-1.226794	
-0.422290	9.641492	-1.379321	
-0.269165	9.487768	-1.379321	
-0.269763	9.487768	-1.379919	
-0.422888	9.334045	-1.839294	
-0.423486	9.330457	-3.063696	
-1.343433	8.729321	1.524072	
-0.885254	8.724536	-1.381116	
-0.578406	9.025403	-2.452393	
-0.577808	9.023010	-3.217419	
-0.424683	9.020617	-3.676795	
-0.425281	8.865698	-3.829919	
-0.579004	8.558252	-4.443616	
-0.579602	8.557653	-4.136767	
-0.733325	8.097681	-4.903589	
-0.889441	7.022217	-6.282312	
-1.199878	6.403735	-6.742883	
-1.815369	4.869494	-8.276525	
-1.513904	3.948352	-8.887830	
-1.670618	3.484790	-9.347204	
-1.671216	3.331665	-9.347204	
-1.673010	3.025415	-9.347204	
-1.673608	3.025415	-9.194079	
-1.672412	3.026013	-9.347204	
-1.521082	2.566040	-9.346606	
-1.369751	1.953540	-9.499133	
-1.371545	1.646692	-9.499133	
-1.218420	2.105469	-9.804187	
-0.759045	1.492969	-9.496142	
-0.608911	0.880469	-9.648669	
-0.303259	0.727344	-9.494349	
-0.151331	0.574219	-9.646875	
0.154919	0.575415	-9.646276	
0.001794	0.574219	-9.800000	
0.002393	0.727344	-9.800000	
0.002393	0.727344	-9.800000	
0.001794	0.574219	-9.800000	
0.001794	0.574817	-9.800000	
0.001794	0.574219	-9.799402	
0.154919	0.726746	-9.952527	
0.155518	0.726746	-9.952527	
0.155518	0.726746	-9.951929	
0.308044	0.573621	-9.798205	
0.461169	0.574219	-9.798205	
0.460571	0.574219	-9.797607	
0.614294	0.574817	-9.644483	
0.614294	0.574219	-9.798205	
0.461169	0.574219	-9.798205	
0.461169	0.574219	-9.798205	
0.614294	0.574219	-9.797607	
0.614294	0.574219	-9.797607	
0.614893	0.727344	-9.797607	
0.614893	1.340442	-10.410706	
0.312231	1.181934	-10.410706	
0.462366	0.879272	-9.950732	
0.614893	0.727344	-9.797607	
0.461768	0.727344	-9.798205	
0.461768	0.727344	-9.798205	
0.461768	0.727344	-9.798205	
0.461768	0.727344	-9.798205	
0.461768	0.727344	-9.798205	
0.309241	0.878674	-10.565027	
0.309241	0.879272	-9.951330	
0.461768	0.727344	-9.798205	
0.462366	0.880469	-9.644483	
0.461768	0.727344	-9.951330	
0.614893	0.726746	-9.950732	
0.614893	0.727344	-9.797607	
0.768018	0.727344	-9.797009	
0.614893	0.727344	-9.797607	
0.614893	0.727344	-9.797009	
0.768018	0.727344	-9.797009	
0.615491	0.879871	-9.797607	
0.614893	0.727344	-9.797607	
0.614893	0.727344	-9.797607	
0.614893	0.727344	-9.797607	
0.614893	0.727344	-9.797607	
0.461768	0.727344	-9.798205	
0.461768	0.727344	-9.798205	
0.461768	0.727344	-9.798205	
0.461768	0.727344	-9.798205	
0.461768	0.727344	-9.798205	
0.461768	0.727344	-9.798205	
0.461768	0.727344	-9.798205	
0.461768	0.727344	-9.798205	
0.461768	0.727344	-9.798205	
0.461768	0.727344	-9.798205	
0.308643	0.727344	-9.798803	
0.308643	0.727344	-9.798803	
0.308643	0.727344	-9.798803	
0.308643	0.727344	-9.798803	
0.308643	0.727344	-9.798803	
0.308643	0.727344	-9.798803	
0.308643	0.727344	-9.798803	
0.308643	0.727344	-9.798205	
0.461768	0.727344	-9.798803	
0.308643	0.727344	-9.798803	
0.308643	0.727344	-9.798803	
0.308643	0.727344	-9.798803	
0.308643	0.727344	-9.798803	
0.308643	0.727344	-9.798803	
0.308643	0.727344	-9.798803	
0.308643	0.727344	-9.798803	
0.308643	0.727344	-9.798803	
0.308643	0.727344	-9.798803	
0.308643	0.727344	-9.798803	
0.308643	0.727344	-9.798803	
0.308643	0.727344	-9.798803	
0.308643	0.727344	-9.798803	
0.308643	0.727344	-9.798205	
0.461768	0.727344	-9.798803	
0.308643	0.727344	-9.798803	
0.308643	0.727344	-9.798803	
0.308643	0.727344	-9.798205	
0.461768	0.727344	-9.798803	
0.461768	0.727344	-9.798205	
0.461768	0.727344	-9.798205	
0.461768	0.727344	-9.798205	
0.308643	0.727344	-9.798803	
0.308643	0.727344	-9.798205	
0.461768	0.727344	-9.798803	
0.308643	0.727942	-9.798205	
0.461768	0.727344	-9.798205	
0.461768	0.727344	-9.798205	
0.461768	0.727344	-9.798205	
0.461768	0.727344	-9.798205	
0.461768	0.727344	-9.798803	
0.308643	0.727344	-9.798803	
0.308643	0.727344	-9.798803	
0.308643	0.727344	-9.798803	
0.308643	0.727344	-9.798205	
0.461768	0.727344	-9.798803	
0.308643	0.727344	-9.798205	
0.461768	0.880469	-9.798803	
0.309241	0.880469	-9.798803	
0.308643	0.880469	-9.798205	
0.461768	0.727344	-9.798803	
0.308643	0.727344	-9.798803	
0.308643	0.727344	-9.798205	
0.308643	0.727344	-9.798803	
0.461768	0.727344	-9.798205	
0.308643	0.727344	-9.798205	
0.461768	0.727344	-9.798803	
0.308643	0.880469	-9.798205	
0.462366	0.880469	-9.798205	
0.462366	0.880469	-9.798803	
0.309241	0.727344	-9.798803	
0.308643	0.880469	-9.798803	
0.309241	0.880469	-9.798803	
0.309241	0.880469	-9.798803	
0.309241	0.880469	-9.798803	
0.309241	0.880469	-9.798803	
0.309241	0.880469	-9.798205	
0.309241	0.880469	-9.798803	
0.309241	0.880469	-9.798803	
0.309241	0.727344	-9.798803	
0.308643	0.727344	-9.798803	
0.308643	0.880469	-9.798803	
0.309241	0.727344	-9.798803	
0.308643	0.880469	-9.798803	
0.308643	0.727344	-9.798803	
0.309241	0.880469	-9.798803	
0.309241	0.880469	-9.798803	
0.308643	0.727344	-9.798803	
0.308643	0.880469	-9.798803	
0.309241	0.880469	-9.798205	
0.309241	0.880469	-9.798803	
0.309241	0.880469	-9.798803	
0.309241	0.880469	-9.798803	
0.308643	0.727344	-9.798803	
0.308643	0.727344	-9.798803	
0.461768	0.727344	-9.798803	
0.308643	0.880469	-9.798803	
0.462366	0.880469	-9.798205	
0.462366	0.880469	-9.798803	
0.309241	0.880469	-9.798803	
0.309241	0.880469	-9.798803	
0.309241	0.727344	-9.798803	
0.309241	0.880469	-9.798803	
0.462366	0.727344	-9.798205	
0.462366	0.880469	-9.798803	
0.309241	0.880469	-9.798205	
0.462366	0.880469	-9.798205	
0.462366	0.880469	-9.798803	
0.309241	0.880469	-9.798803	
0.309241	0.880469	-9.798803	
0.309241	0.880469	-9.798803	
0.309241	0.880469	-9.798803	
0.309241	0.880469	-9.798803	
0.309241	0.880469	-9.798803	
0.309241	0.880469	-9.798803	
0.309241	0.880469	-9.798803	
0.308643	0.727344	-9.798803	
0.309241	0.880469	-9.798803	
0.309241	0.727344	-9.798803	
0.309241	0.880469	-9.798803	
0.309241	0.880469	-9.798803	
0.309241	0.880469	-9.798803	
0.309241	0.880469	-9.798803	
0.309241	0.880469	-9.798803	
0.309241	0.880469	-9.798803	
0.309241	0.880469	-9.798803	
0.309241	0.880469	-9.798803	
0.309241	0.880469	-9.798803	
0.309241	0.880469	-9.798803	
0.308643	0.881067	-9.645679	
0.309241	0.881067	-9.645679	
0.309241	0.880469	-9.798803	
0.309241	0.880469	-9.798803	
0.309241	0.880469	-9.798803	
0.309241	0.727344	-9.798803	
0.309241	0.880469	-9.798803	
0.309241	0.880469	-9.798803	
0.309241	0.880469	-9.798803	
0.308643	0.727344	-9.798803	
0.309241	0.880469	-9.798803	
0.309241	0.880469	-9.798803	
0.309241	0.880469	-9.798803	
0.309241	0.880469	-9.798803	
0.309241	0.880469	-9.798803	
0.309241	0.880469	-9.798803	
0.309241	0.880469	-9.798803	
0.462366	0.880469	-9.798205	
0.309241	0.880469	-9.798205	
0.309241	0.880469	-9.645679	
0.309241	0.881067	-9.645679	
0.309241	0.880469	-9.798803	
0.462366	0.881067	-9.798205	
0.462366	0.880469	-9.798205	
0.309241	0.880469	-9.798803	
0.309241	0.880469	-9.798803	
0.309241	0.880469	-9.798803	
0.309241	0.881067	-9.645679	
0.309241	0.880469	-9.798803	
0.309241	0.881067	-9.645679	
0.309241	0.880469	-9.798803	
0.309241	0.880469	-9.798803	
0.309241	0.880469	-9.645679	
0.309241	0.880469	-9.798803	
0.309241	0.880469	-9.798205	
0.462366	0.880469	-9.645081	
0.462366	0.880469	-9.798205	
0.462366	0.880469	-9.798205	
0.462366	0.880469	-9.645081	
0.309241	0.881067	-9.645679	
0.462366	0.880469	-9.798205	
0.309241	0.880469	-9.645679	
0.462366	0.881067	-9.645081	
0.462366	0.881067	-9.645679	
0.309241	0.880469	-9.798803	
0.309241	0.880469	-9.645679	
0.309241	0.880469	-9.798803	
0.309241	0.880469	-9.798205	
0.462366	0.880469	-9.798803	
0.309241	0.880469	-9.798803	
0.309241	0.880469	-9.798205	
0.309241	0.880469	-9.798803	
0.309241	0.880469	-9.798803	
0.309241	0.880469	-9.798803	
0.309241	0.880469	-9.798803	
0.309241	0.880469	-9.798803	
0.309241	0.880469	-9.798803	
0.309241	0.880469	-9.798803	
0.309241	2.106067	-10.105054	
-4.131982	-1.423584	-11.047132	
-1.841687	-1.263281	-9.956116	
-0.620874	-2.491272	-10.262365	
0.295483	-2.947656	-8.262171	
1.516895	-4.005176	-5.205652	
1.354797	-8.135962	-4.133179	
-0.646594	-8.738294	-1.226196	
0.270959	-9.036169	-0.304456	
0.576013	-9.648669	0.304456	
-0.650781	-9.339429	-0.001196	
-0.037085	-9.494946	-0.306250	
0.268567	-9.494946	0.153723	
0.421094	-9.798803	0.307446	
0.421094	-9.645679	0.308044	
0.421692	-9.645679	0.307446	
0.421692	-9.645081	0.460571	
0.421692	-9.645081	0.614294	
0.727942	-9.491358	0.921143	
0.728540	-9.489563	0.921143	
0.574817	-9.643286	1.073669	
0.421692	-9.642688	1.226196	
0.575415	-9.488965	1.227393	
0.575415	-9.489563	1.226794	
0.728540	-9.488965	1.227393	
0.728540	-9.642688	1.073669	
0.421094	-9.645081	0.613696	
0.574817	-9.644483	0.461169	
0.574817	-9.491956	0.461169	
0.422290	-9.645081	0.613696	
0.421094	-9.644483	0.613696	
0.421692	-9.644483	0.613696	
0.421692	-9.644483	0.613696	
0.421692	-9.643885	0.613696	
0.421692	-9.644483	0.613696	
0.421692	-9.644483	0.460571	
0.421692	-9.644483	0.460571	
0.421692	-9.645081	0.613696	
0.421692	-9.644483	0.613696	
0.421692	-9.795215	1.533044	
0.421692	-9.642688	0.766821	
0.421692	-9.643885	0.766821	
0.421692	-9.644483	0.613696	
0.421692	-9.644483	0.613098	
0.421692	-9.644483	0.460571	
0.421692	-9.645081	0.613696	
0.421692	-9.644483	0.613696	
0.421692	-9.644483	0.613696	
0.421692	-9.645081	0.460571	
0.268567	-9.644483	0.613098	
0.421692	-9.644483	0.613696	
0.421692	-9.644483	0.613098	
0.268567	-9.644483	0.613696	
0.421692	-9.645081	0.613696	
0.421692	-9.644483	0.613696	
0.268567	-9.644483	0.613098	
0.268567	-9.645081	0.460571	
0.421692	-9.645081	0.613696	
0.268567	-9.644483	0.613098	
0.268567	-9.644483	0.613098	
0.268567	-9.644483	0.459973	
0.268567	-9.645081	0.459973	
0.268567	-9.644483	0.613098	
0.268567	-9.644483	0.613098	
0.268567	-9.644483	0.613098	
0.268567	-9.644483	0.613098	
0.268567	-9.644483	0.613098	
0.268567	-9.644483	0.613098	
0.268567	-9.644483	0.613098	
0.268567	-9.644483	0.613098	
0.268567	-9.644483	0.613098	
0.268567	-9.644483	0.459973	
0.268567	-9.645081	0.459973	
0.268567	-9.644483	0.613098	
0.268567	-9.645081	0.459973	
0.268567	-9.645081	0.613098	
0.268567	-9.644483	0.459973	
0.268567	-9.645081	0.613098	
0.268567	-9.644483	0.613098	
0.268567	-9.644483	0.613098	
0.268567	-9.645081	0.459973	
0.268567	-9.645081	0.459973	
0.268567	-9.644483	0.613098	
0.268567	-9.645081	0.459973	
0.268567	-9.644483	0.459973	
0.268567	-9.645081	0.459973	
0.268567	-9.645081	0.613098	
0.268567	-9.644483	0.459973	
0.268567	-9.645081	0.459973	
0.268567	-9.644483	0.613098	
0.268567	-9.645081	0.459973	
0.268567	-9.645081	0.459973	
0.268567	-9.645081	0.459973	
0.268567	-9.645081	0.459973	
0.268567	-9.644483	0.459973	
0.268567	-9.645081	0.459973	
0.268567	-9.645081	0.459973	
0.268567	-9.645081	0.459973	
0.268567	-9.645081	0.459973	
0.268567	-9.645081	0.613098	
0.268567	-9.644483	0.613098	
0.268567	-9.644483	0.613098	
0.268567	-9.645081	0.459973	
0.268567	-9.645081	0.459973	
0.268567	-9.645081	0.459973	
0.268567	-9.645081	0.459973	
0.268567	-9.645081	0.459973	
0.268567	-9.645081	0.459973	
0.268567	-9.645081	0.459973	
0.268567	-9.645081	0.459973	
0.422290	-9.645081	0.459973	
0.268567	-9.645081	0.459973	
0.268567	-9.645081	0.459973	
0.268567	-9.645081	0.459973	
0.268567	-9.645081	0.459973	
0.268567	-9.645081	0.459973	
0.268567	-9.645081	0.459973	
0.268567	-9.644483	0.613098	
0.268567	-9.645081	0.459973	
0.268567	-9.645081	0.459973	
0.268567	-9.645081	0.459973	
0.268567	-9.645081	0.459973	
0.268567	-9.645081	0.459973	
0.268567	-9.645081	0.459973	
0.268567	-9.645081	0.459973	
0.268567	-9.645081	0.459973	
0.268567	-9.645081	0.459973	
0.268567	-9.645081	0.459973	
0.268567	-9.645081	0.459973	
0.268567	-9.645679	0.459973	
0.268567	-9.645081	0.459973	
0.268567	-9.645081	0.459973	
0.268567	-9.645081	0.459973	
0.268567	-9.645081	0.459973	
0.268567	-9.645081	0.459973	
0.268567	-9.645081	0.459973	
0.268567	-9.645081	0.459973	
0.268567	-9.645679	0.306848	
0.268567	-9.645081	0.459973	
0.268567	-9.645081	0.459973	
0.268567	-9.645081	0.459973	
0.268567	-9.645081	0.459973	
0.268567	-9.645081	0.459973	
0.268567	-9.645081	0.306848	
0.268567	-9.645679	0.306848	
0.268567	-9.645679	0.306848	
0.268567	-9.645081	0.459973	
0.268567	-9.645081	0.306848	
0.268567	-9.645679	0.459973	
0.268567	-9.645081	0.459973	
0.268567	-9.645081	0.306848	
0.268567	-9.645679	0.306848	
0.421692	-9.645081	0.460571	
0.268567	-9.645081	0.459973	
0.268567	-9.645679	0.306848	
0.268567	-9.645679	0.306848	
0.268567	-9.645679	0.306848	
0.268567	-9.645081	0.459973	
0.268567	-9.645081	0.459973	
0.268567	-9.645081	0.459973	
0.268567	-9.645679	0.306848	
0.268567	-9.645679	0.306848	
0.268567	-9.645679	0.306848	
0.268567	-9.645679	0.306848	
0.268567	-9.645679	0.306848	
0.268567	-9.645679	0.306848	
0.268567	-9.645679	0.306848	
0.268567	-9.645679	0.306848	
0.268567	-9.645679	0.459973	
0.421692	-9.645081	0.460571	
0.421692	-9.645679	0.306848	
0.268567	-9.645679	0.306848	
0.268567	-9.645679	0.306848	
0.268567	-9.645679	0.306848	
0.268567	-9.645679	0.306848	
0.268567	-9.645679	0.306848	
0.268567	-9.645679	0.306848	
0.268567	-9.645679	0.306848	
0.421692	-9.645679	0.460571	
0.268567	-9.645679	0.306848	
0.268567	-9.645679	0.306848	
0.268567	-9.645679	0.306848	
0.268567	-9.645679	0.306848	
0.268567	-9.645679	0.307446	
0.421692	-9.645081	0.460571	
0.421692	-9.645081	0.460571	
0.268567	-9.645679	0.459973	
0.268567	-9.645081	0.459973	
0.268567	-9.645679	0.306848	
0.268567	-9.645679	0.306848	
0.268567	-9.645679	0.306848	
0.268567	-9.645679	0.306848	
0.268567	-9.645679	0.306848	
0.268567	-9.645679	0.306848	
0.116040	-9.645679	0.306848	
0.268567	-9.645679	0.306848	
0.268567	-9.645679	0.306848	
0.421692	-9.645679	0.307446	
0.268567	-9.645679	0.306848	
0.268567	-9.645679	0.306848	
0.268567	-9.645679	0.306848	
0.268567	-9.645679	0.306848	
0.268567	-9.645679	0.306848	
0.268567	-9.645679	0.307446	
0.268567	-9.645679	0.306848	
0.421692	-9.645679	0.307446	
0.421692	-9.645679	0.306848	
0.268567	-9.645679	0.306848	
0.268567	-9.645679	0.306848	
0.268567	-9.645679	0.306848	
0.268567	-9.645679	0.306848	
0.268567	-9.645679	0.306848	
0.268567	-9.645679	0.306848	
0.268567	-9.645679	0.306848	
0.268567	-9.645679	0.306848	
0.268567	-9.645679	0.306848	
0.268567	-9.645679	0.306848	
0.421692	-9.645679	0.306848	
0.268567	-9.645679	0.307446	
0.421692	-9.645679	0.307446	
0.268567	-9.645679	0.306848	
0.268567	-9.645679	0.306848	
0.268567	-9.645679	0.306848	
0.268567	-9.645679	0.307446	
0.421692	-9.645679	0.306848	
0.268567	-9.645679	0.306848	
0.268567	-9.645679	0.307446	
0.268567	-9.645679	0.306848	
0.268567	-9.645679	0.306848	
0.268567	-9.645679	0.153723	
0.268567	-9.646276	0.306848	
0.268567	-9.645679	0.306848	
0.268567	-9.645679	0.306848	
0.268567	-9.645679	0.153723	
0.268567	-9.646276	0.154321	
0.268567	-9.646276	0.306848	
0.422290	-9.646276	0.307446	
0.268567	-9.645679	0.306848	
0.268567	-9.645679	0.306848	
0.268567	-9.645679	0.306848	
0.268567	-9.645679	0.306848	
0.268567	-9.645679	0.306848	
0.268567	-9.645679	0.306848	
0.268567	-9.645679	0.306848	
0.268567	-9.645679	0.306848	
0.268567	-9.645679	0.307446	
0.421692	-9.645679	0.307446	
0.421692	-9.645679	0.306848	
0.268567	-9.645679	0.306848	
0.268567	-9.646276	0.306848	
0.421692	-9.645679	0.307446	
0.421692	-9.645679	0.307446	
0.268567	-9.645679	0.306848	
0.268567	-9.645679	0.306848	
0.268567	-9.645679	0.307446	
0.421692	-9.645679	0.306848	
0.268567	-9.645679	0.306848	
0.268567	-9.645679	0.306848	
0.268567	-9.645679	0.153723	
0.268567	-9.646276	0.153723	
0.421692	-9.645679	0.307446	
0.268567	-9.645679	0.307446	
0.421692	-9.645679	0.307446	
0.268567	-9.645679	0.306848	
0.268567	-9.645679	0.306848	
0.268567	-9.645679	0.306848	
0.268567	-9.645679	0.306848	
0.268567	-9.645679	0.307446	
0.421692	-9.645679	0.307446	
0.268567	-9.645679	0.306848	
0.268567	-9.645679	0.306848	
0.268567	-9.645679	0.306848	
0.268567	-9.645679	0.306848	
0.268567	-9.645679	0.306848	
0.268567	-9.645679	0.306848	
0.268567	-9.645679	0.306848	
0.268567	-9.645679	0.306848	
0.421692	-9.645679	0.307446	
0.268567	-9.646276	0.306848	
0.421692	-9.645081	0.307446	
0.421094	-9.798803	0.306848	
0.267969	-9.798803	0.463562	
1.795630	-12.239233	7.354785	
1.025220	-10.995092	3.524268	
0.418103	-10.100268	0.920544	
0.727344	-9.644483	0.155518	
0.879871	-10.259375	-0.149536	
1.031799	-10.260571	-0.149536	
1.183130	-10.566223	-0.301465	
4.705603	-10.111035	-3.345422	
2.870496	-9.963892	-1.069482	
0.113647	-9.958508	-0.919348	
0.573621	-9.651062	-1.524072	
2.714978	-11.033972	-2.286108	
2.559460	-10.727722	-2.289099	
1.949951	-9.502722	-2.136572	
1.805200	-7.360766	-2.902795	
2.571423	-8.584570	-2.591162	
3.178540	-9.348999	-1.516895	
4.253406	-7.815955	-2.127600	
4.257593	-7.357776	-1.668823	
4.106860	-6.130981	-1.973279	
4.724145	-6.134570	-2.278931	
3.176147	-11.817541	-9.639099	
3.176746	-8.753845	-5.036377	
5.480798	-7.367346	-4.416101	
6.560449	-5.836694	-3.804797	
6.250012	-7.514490	-2.730530	
6.399549	-8.278918	-2.426074	
6.397156	-8.735901	-2.731128	
7.165174	-6.752454	-2.575012	
6.715369	-4.448999	-3.037976	
6.419287	-1.391882	-3.191101	
6.580786	-1.239954	-4.566236	
7.801001	-2.008569	-4.101477	
9.487170	-1.086231	-3.023022	
10.405920	-2.155115	-2.871094	
9.636108	-3.073267	-2.260388	
9.935779	-4.601526	-1.643701	
10.399341	-1.997803	-1.494763	
8.884241	0.321802	3.866406	
10.104456	-0.442029	4.786951	
10.410108	-0.443225	3.867004	
10.105652	-1.057520	3.868201	
10.252795	-1.363171	3.099585	
9.337634	0.162695	2.332165	
9.036169	0.622070	2.792737	
9.802991	0.778186	3.560156	
9.801794	0.473132	3.406433	
9.342420	0.319409	3.251514	
9.035571	0.317615	2.944665	
8.880054	-1.058716	3.862219	
9.336438	-0.444421	3.711487	
9.492554	-0.600537	2.639014	
9.185705	-0.451001	1.719067	
9.185705	-0.300867	1.261487	
10.104456	-0.607117	1.572522	
11.022009	-0.454590	0.960022	
9.951929	-0.151331	0.035291	
8.879456	-0.307446	-0.270959	
9.646875	0.151331	-0.422888	
9.340027	-0.306848	0.191406	
10.103857	-0.764429	0.191406	
9.796412	-0.918750	-0.269165	
9.795813	-0.768018	-0.727942	
9.950732	-0.156116	-0.574219	
9.951330	-0.309241	-0.727344	
9.950732	-0.616089	-0.880469	
9.949536	-0.769214	-1.034192	
9.796412	-0.770410	-1.187317	
9.796412	-0.770410	-1.033594	
10.103259	-0.616089	-0.727344	
9.950732	-0.462366	-0.574817	
9.797607	-0.614893	-0.574817	
9.797009	-0.615491	-0.727942	
9.797009	-0.615491	-0.727942	
9.950134	-0.462366	-0.574219	
9.950732	-0.461768	-0.727344	
9.950134	-0.615491	-0.574219	
9.950134	-0.615491	-0.727942	
9.797009	-0.615491	-0.574817	
9.797009	-0.614893	-0.574817	
9.950134	-0.613098	-0.267969	
9.950134	-0.766821	-0.421692	
9.797009	-0.614294	-0.574817	
9.797009	-0.614893	-0.421692	
9.797009	-0.614294	-0.268567	
9.950134	-0.460571	-0.267969	
9.797009	-0.613696	-0.421692	
9.797009	-0.614294	-0.421692	
9.797009	-0.614893	-0.574817	
9.797009	-0.614893	-0.421692	
9.797009	-0.614294	-0.268567	
9.950134	-0.613696	-0.115442	
9.797009	-0.766821	-0.268567	
9.796412	-0.613696	-0.421692	
9.797009	-0.614294	-0.421692	
9.797009	-0.613696	-0.268567	
9.950134	-0.613696	-0.267969	
9.950134	-0.613696	-0.267969	
9.797009	-0.613696	-0.268567	
9.797009	-0.613696	-0.421692	
9.797009	-0.614294	-0.421692	
9.950134	-0.613696	-0.114844	
9.950134	-0.613098	-0.114844	
9.950134	-0.613098	-0.268567	
9.796412	-0.766821	-0.268567	
9.796412	-0.766821	-0.268567	
9.797009	-0.613696	-0.268567	
9.797009	-0.613696	-0.115442	
9.797009	-0.613098	-0.115442	
9.797009	-0.613098	-0.115442	
9.797009	-0.613098	-0.115442	
9.797009	-0.613098	-0.115442	
9.797009	-0.613098	-0.115442	
9.950134	-0.613098	-0.115442	
9.797009	-0.613098	-0.115442	
9.797009	-0.613098	-0.115442	
9.797009	-0.613098	-0.115442	
9.797009	-0.613098	-0.115442	
9.797009	-0.613098	0.038281	
9.950134	-0.765625	0.038281	
9.797009	-0.613098	-0.115442	
9.796412	-0.766223	-0.115442	
9.797009	-0.613098	-0.115442	
9.797009	-0.613098	-0.115442	
9.797009	-0.613098	-0.115442	
9.797009	-0.765625	0.037683	
9.797009	-0.918750	0.037683	
9.796412	-0.765625	0.037683	
9.797009	-0.765625	0.037683	
9.797009	-0.765625	0.037683	
9.797009	-0.765625	0.037683	
9.797009	-0.765625	0.037683	
9.797009	-0.765625	0.037683	
9.796412	-0.918750	-0.115442	
9.796412	-0.918750	0.037683	
9.796412	-0.918750	0.037683	
9.796412	-0.765625	0.037683	
9.796412	-0.918750	0.037683	
9.797009	-0.765625	0.037683	
9.797009	-0.765625	0.037683	
9.797009	-0.918750	0.037683	
9.796412	-0.766223	-0.115442	
9.796412	-0.918750	-0.115442	
9.796412	-0.766223	-0.115442	
9.796412	-0.766223	-0.115442	
9.796412	-0.766223	-0.115442	
9.796412	-0.766223	-0.115442	
9.796412	-0.766223	-0.115442	
9.796412	-0.918750	0.037683	
9.796412	-0.918750	0.037683	
9.796412	-0.918750	0.037683	
9.796412	-0.918750	0.037683	
9.796412	-0.918750	0.190808	
9.796412	-0.918152	0.190808	
9.797009	-0.765625	0.037683	
9.797009	-0.918750	0.037085	
9.796412	-0.918750	-0.115442	
9.796412	-0.766223	-0.115442	
9.796412	-0.918750	-0.114844	
9.796412	-0.766223	0.037683	
9.796412	-0.918750	-0.115442	
9.796412	-0.766223	-0.115442	
9.796412	-0.918750	0.037683	
9.796412	-0.918750	0.037683	
9.796412	-0.918750	0.037683	
9.796412	-0.918750	-0.115442	
9.796412	-0.918750	0.037683	
9.796412	-0.918750	0.037683	
9.796412	-0.918750	0.037683	
9.796412	-0.918750	0.037683	
9.796412	-0.918750	0.037683	
9.796412	-0.918750	0.037683	
9.796412	-0.918750	0.037683	
9.796412	-0.918750	0.037683	
9.796412	-0.918750	0.037683	
9.796412	-0.918750	-0.115442	
9.796412	-0.918750	0.037683	
9.796412	-0.918750	0.037683	
9.796412	-0.918750	0.037683	
9.797009	-0.765625	0.037683	
9.796412	-0.918750	0.037683	
9.796412	-0.918750	0.037683	
9.796412	-0.918750	0.037683	
9.796412	-0.918750	0.037683	
9.796412	-0.918750	0.037683	
9.796412	-0.918750	0.037683	
9.796412	-0.918750	-0.115442	
9.796412	-0.918750	0.037683	
9.796412	-0.918750	0.037683	
9.796412	-0.918750	-0.115442	
9.796412	-0.766223	-0.115442	
9.796412	-0.918750	0.037683	
9.796412	-0.918750	-0.115442	
9.796412	-0.766223	-0.115442	
9.796412	-0.766223	0.037683	
9.796412	-0.918750	0.037683	
9.796412	-0.918750	0.037683	
9.796412	-0.918750	0.037683	
9.796412	-0.918750	0.037683	
9.796412	-0.918750	-0.115442	
9.796412	-0.918750	0.037683	
9.796412	-0.918750	0.037683	
9.796412	-0.918750	0.037683	
9.796412	-0.918750	0.037683	
9.796412	-0.918750	0.037683	
9.796412	-0.918750	0.037683	
9.949536	-0.918750	0.038281	
9.796412	-0.918750	0.037683	
9.796412	-0.918750	0.037683	
9.796412	-0.766223	-0.115442	
9.796412	-0.766223	-0.115442	
9.796412	-0.918750	0.037683	
9.796412	-0.918750	0.037683	
9.796412	-0.918750	0.037683	
9.796412	-0.918750	0.037683	
9.796412	-0.918750	0.037683	
9.796412	-0.918750	0.037683	
9.796412	-0.918750	0.037683	
9.796412	-0.918750	0.037683	
9.796412	-0.918750	0.037683	
9.796412	-0.918750	0.037683	
9.796412	-0.918750	0.037683	
9.796412	-0.918750	0.037683	
9.796412	-0.918750	0.037683	
9.796412	-0.918750	0.037683	
9.796412	-0.918750	0.037683	
9.796412	-0.918750	0.037683	
9.796412	-0.918750	0.037683	
9.796412	-0.918750	0.037683	
9.796412	-0.918750	0.037683	
9.796412	-0.918750	0.037683	
9.796412	-0.918750	0.037683	
9.796412	-0.918750	0.037683	
9.796412	-0.918152	0.037683	
9.796412	-0.918750	0.037683	
9.796412	-0.918750	0.037683	
9.796412	-0.918750	0.190808	
9.796412	-0.918152	0.037683	
9.796412	-0.765625	0.037683	
9.796412	-0.918750	0.037683	
9.796412	-0.918750	0.037683	
9.796412	-0.918750	0.037683	
9.796412	-0.918750	0.190808	
9.796412	-0.918152	0.037683	
9.796412	-0.918750	0.037683	
9.796412	-0.918750	0.037683	
9.796412	-0.918750	0.037683	
9.796412	-0.918750	0.037683	
9.796412	-0.765625	0.037683	
9.797009	-0.765625	0.037683	
9.797009	-0.918750	0.037683	
9.796412	-0.918750	0.037683	
9.796412	-0.918750	0.037683	
9.796412	-0.918750	0.190808	
9.796412	-0.918750	0.037683	
9.796412	-0.918152	0.190808	
9.796412	-0.918750	0.037683	
9.797009	-0.918750	0.037683	
9.796412	-0.918750	0.037683	
9.796412	-0.918750	0.037683	
9.797009	-0.765625	0.037683	
9.797009	-0.918750	0.037683	
9.796412	-0.918750	0.037683	
9.796412	-0.918750	0.037683	
9.797009	-0.918750	0.037683	
9.796412	-0.918750	0.037683	
9.796412	-0.918750	0.037683	
9.797009	-0.765625	0.037683	
9.796412	-0.918750	0.037683	
9.796412	-0.918750	0.037683	
9.797009	-0.918750	0.037683	
9.796412	-0.918750	0.037683	
9.796412	-0.918750	0.037683	
9.797009	-0.765625	0.037683	
9.797009	-0.918750	0.037683	
9.949536	-0.918750	0.038281	
9.949536	-0.918750	0.037683	
9.796412	-0.918152	0.190808	
9.796412	-0.918750	0.037683	
9.796412	-0.918750	0.037683	
9.797009	-0.765625	0.037683	
9.797009	-0.765625	0.037683	
9.797009	-0.765625	0.037683	
9.797009	-0.918750	0.037683	
9.797009	-0.918750	0.037683	
9.796412	-0.918750	0.037683	
9.796412	-0.918750	0.037683	
9.796412	-0.918750	0.037683	
9.796412	-0.918750	0.037683	
9.796412	-0.765625	0.037683	
9.796412	-0.766223	0.037683	
9.796412	-0.918750	0.037683	
9.796412	-0.918750	0.037683	
9.796412	-0.918152	0.190808	
9.796412	-0.918750	0.037683	
9.796412	-0.918750	0.037683	
9.796412	-0.918750	0.190808	
9.796412	-0.918152	0.190808	
9.796412	-0.918750	0.037683	
9.796412	-0.918750	0.037683	
9.796412	-0.918750	0.037683	
9.796412	-0.918750	0.037683	
9.796412	-0.918750	0.037683	
9.796412	-0.918750	0.037683	
9.796412	-0.918750	0.037683	
9.796412	-0.918750	0.037683	
9.796412	-0.918750	0.037683	
9.796412	-0.918750	0.037683	
9.796412	-0.918750	0.037683	
9.796412	-0.918750	0.037683	
9.796412	-0.918750	0.037683	
9.796412	-0.918750	0.037683	
9.796412	-0.918750	0.037683	
9.796412	-0.918750	0.037683	
9.796412	-0.918152	0.037683	
9.796412	-0.918750	0.037683	
9.796412	-0.918152	0.190808	
9.796412	-0.918750	0.037683	
9.796412	-0.918750	0.037683	
9.796412	-0.918750	0.037683	
9.796412	-0.918152	0.037683	
9.796412	-0.918750	0.037683	
9.796412	-0.918152	0.190808	
9.796412	-0.918152	0.190808	
9.796412	-0.918152	0.037683	
9.796412	-0.918750	0.037683	
9.796412	-0.918750	0.037683	
9.796412	-0.918750	0.190808	
9.796412	-0.918750	0.037683	
9.796412	-0.918750	0.190808	
9.796412	-0.918152	0.037683	
9.949536	-0.765625	0.191406	
9.192883	1.528857	0.347522	
11.639295	-0.302661	0.349915	
11.483777	0.613696	0.502441	
10.568616	1.073071	-0.264978	
9.804785	1.223206	-0.422888	
9.804187	1.068286	-1.187915	
8.884839	0.760242	-1.191504	
8.115625	-0.005383	-1.499548	
7.502527	0.608911	0.028113	
7.964294	-0.309241	-1.807593	
7.195679	0.142957	-3.491968	
7.502527	-0.322998	-4.411914	
7.808179	-0.170471	-4.413110	
6.581983	-0.017346	-5.642896	
5.666821	1.200476	-6.564636	
4.141553	2.116833	-6.878064	
2.922534	4.716968	-8.409314	
2.774194	4.408325	-7.953528	
1.853052	3.181531	-9.642090	
0.470142	3.176147	-9.953723	
-0.293689	4.094897	-9.951330	
0.018542	5.476611	-7.818945	
-3.502136	3.952539	-7.210632	
-3.510510	3.185718	-7.821338	
-3.356787	3.185718	-7.061096	
-4.888037	2.729333	-6.298462	
-5.501733	3.957324	-6.456372	
-7.942163	5.638709	-6.465942	
-9.015234	4.263574	-5.547791	
-9.477002	5.030396	-7.235754	
-9.935779	3.489575	-7.540210	
-9.021814	3.343628	-4.780371	
-7.644287	2.277734	-6.150720	
-7.192090	1.354199	-4.474719	
-10.101465	0.595752	-4.329968	
-10.716955	0.904993	-2.185620	
-10.561438	1.218420	-1.265674	
-10.255188	1.220813	-0.037683	
-9.490161	0.920544	0.726746	
-10.410108	0.616089	1.798621	
-9.337036	0.773401	1.649683	
-8.266955	0.617285	1.651477	
-9.950134	0.315820	1.954138	
-8.883044	-0.760840	0.729736	
-9.190491	-0.610706	1.190308	
-8.882446	0.464160	1.034192	
-10.102661	1.228589	0.878076	
-10.407715	0.921741	0.879272	
-9.950732	0.154919	0.574219	
-9.646276	0.308044	0.727942	
-9.645081	0.462366	1.033594	
-9.951330	0.309839	0.879871	
-10.105652	0.155518	0.726147	
-10.258777	0.154919	0.573022	
-9.953125	0.001794	0.421692	
-9.493750	0.001196	0.575415	
-9.340027	0.002393	0.576013	
-9.646875	0.155518	0.880469	
-9.952527	0.309241	0.879272	
-10.105054	0.155518	0.726147	
-10.105652	0.001794	0.573022	
-9.800598	-0.151929	0.421094	
-9.494349	-0.304456	0.574817	
-9.494349	-0.151929	-0.043665	
-11.791224	-0.001794	0.110657	
-10.412500	0.001196	0.419897	
-9.800598	-0.151929	0.573621	
-9.800598	-0.151331	0.573621	
-9.800598	-0.151331	0.420496	
-9.800598	-0.151929	0.420496	
-9.801196	-0.304456	0.726746	
-9.648071	-0.151331	0.574219	
-9.647473	-0.304456	0.421094	
-9.800598	-0.152527	0.267969	
-9.647473	-0.152527	0.267371	
-9.800598	-0.152527	0.114246	
-9.800598	-0.001196	-0.038879	
-9.800598	-0.153125	0.114246	
-9.800000	0.153723	0.267969	
-9.800000	-0.305652	0.267969	
-9.648669	-0.152527	0.421094	
-9.800000	-0.151929	0.267969	
-9.800000	0.000598	0.267969	
-9.800000	0.000598	0.267969	
-9.953125	-0.151929	0.879871	
-9.647473	0.004187	0.573621	
-9.952527	0.153125	-0.651379	
-9.952527	0.150134	-0.191406	
-9.800000	0.000000	0.267969	
-9.800000	0.000598	0.267969	
-9.800000	0.001196	0.421094	
-9.800000	0.001196	0.421094	
-9.800000	0.001196	0.421094	
-9.800000	0.001196	0.421094	
-9.800000	0.001196	0.421094	
-9.800000	0.001196	0.421094	
-9.800000	0.001196	0.420496	
-9.953125	0.001196	0.420496	
-9.953125	-0.151929	0.421094	
-9.800000	0.001196	0.421094	
-9.799402	0.153723	0.421094	
-9.799402	0.154321	0.421094	
-9.800000	0.001196	0.421094	
-9.800000	0.001794	0.574219	
-9.800000	0.001196	0.421094	
-9.800000	-0.151929	0.574219	
-9.647473	0.002393	0.421094	
-9.799402	0.153723	0.421094	
-9.800000	0.001196	0.421094	
-9.800000	0.001196	0.421094	
-9.800000	0.001196	0.574219	
-9.800000	0.001196	0.421094	
-9.800598	-0.151929	0.574219	
-9.800000	0.001794	0.574219	
-9.800000	0.001794	0.574219	
-9.800000	0.001794	0.574219	
-9.800000	0.001794	0.574219	
-9.800000	-0.151331	0.727344	
-9.648071	-0.150732	0.727344	
-9.800000	0.001794	0.574219	
-9.800000	0.001794	0.574219	
-9.800000	0.001794	0.574219	
-9.800000	0.001794	0.574219	
-9.800000	0.001794	0.574219	
-9.800000	0.001794	0.574219	
-9.800000	0.001794	0.574219	
-9.800000	0.001794	0.574219	
-9.800000	0.001794	0.574219	
-9.800000	0.001794	0.574219	
-9.800000	0.001794	0.574219	
-9.800000	0.001794	0.574219	
-9.800000	0.001794	0.574219	
-9.800000	0.001794	0.574219	
-9.800000	0.001196	0.421094	
-9.800000	0.001196	0.574219	
-9.800000	0.001794	0.574219	
-9.800000	0.001794	0.421094	
-9.800000	0.001794	0.574219	
-9.800000	0.001794	0.574219	
-9.800000	0.001794	0.574219	
-9.800000	0.001794	0.574219	
-9.800000	0.001196	0.421094	
-9.800000	0.001794	0.421094	
-9.800000	0.001196	0.574219	
-9.800000	0.001794	0.574219	
-9.800000	0.001794	0.421094	
-9.800000	0.001196	0.574219	
-9.800000	0.001196	0.421094	
-9.800000	0.001794	0.421094	
-9.800000	0.001794	0.574219	
-9.800000	0.001794	0.574219	
-9.800000	0.001794	0.574219	
-9.800000	0.001794	0.574219	
-9.800000	0.001196	0.421094	
-9.800000	0.001196	0.574219	
-9.800000	0.001196	0.421094	
-9.800000	0.001196	0.421094	
-9.800000	0.001196	0.421094	
-9.800000	0.001196	0.574219	
-9.800000	0.001794	0.421094	
-9.800000	0.001794	0.574219	
-9.800000	0.001794	0.421094	
-9.800000	0.001196	0.574219	
-9.800000	0.001794	0.574219	
-9.800000	0.001196	0.421094	
-9.800000	0.001196	0.421094	
-9.800000	0.001196	0.574219	
-9.800000	0.001794	0.574219	
-9.800000	0.001794	0.574219	
-9.800000	0.001794	0.574219	
-9.800000	0.001794	0.574219	
-9.800000	0.001794	0.574219	
-9.800000	0.001794	0.574219	
-9.800000	0.001794	0.574219	
-9.800000	0.001794	0.574219	
-9.800000	0.001794	0.574219	
-9.800000	0.001794	0.421094	
-9.800000	0.001196	0.574219	
-9.800000	0.001794	0.574219	
-9.800000	0.001794	0.574219	
-9.800000	0.001794	0.421094	
-9.800000	0.001196	0.421094	
-9.800000	0.001196	0.421094	
-9.800000	0.001196	0.574219	
-9.800000	0.001794	0.574219	
-9.800000	0.001196	0.421094	
-9.800000	0.001196	0.574219	
-9.800000	0.001794	0.574219	
-9.800000	0.001794	0.574219	
-9.800000	0.001794	0.574219	
-9.800000	0.001794	0.421094	
-9.800000	0.001196	0.421094	
-9.800000	0.001196	0.574219	
-9.800000	0.001794	0.421094	
-9.800000	0.001794	0.574219	
-9.800000	0.001794	0.421094	
-9.800000	0.001196	0.421094	
-9.800000	0.001196	0.421094	
-9.800000	0.001196	0.421094	
-9.800000	0.001196	0.421094	
-9.800000	0.001196	0.421094	
-9.800000	0.001196	0.421094	
-9.800000	0.001196	0.421094	
-9.800000	0.001196	0.421094	
-9.800000	0.001196	0.421094	
-9.800000	0.001794	0.574219	
-9.800000	0.001196	0.421094	
-9.800000	0.001196	0.574219	
-9.800000	0.001794	0.421094	
-9.800000	0.001794	0.574219	
-9.800000	0.001196	0.421094	
-9.800000	0.001196	0.421094	
-9.800000	0.001196	0.421094	
-9.800000	0.001196	0.421094	
-9.800000	0.001794	0.574219	
-9.800000	0.001794	0.421094	
-9.800000	0.001196	0.421094	
-9.800000	0.001196	0.421094	
-9.800000	0.001196	0.574219	
-9.800000	0.001196	0.421094	
-9.800000	-0.151929	0.421094	
-9.647473	0.154321	0.420496	
-9.952527	0.001794	0.574219	
-9.800000	0.001794	0.421094	
-9.800000	0.001196	0.574219	
-9.800000	0.001794	0.574219	
-9.800000	0.001794	0.574219	
-9.800000	0.001794	0.421094	
-9.800000	0.001196	0.421094	
-9.800000	0.001794	0.421094	
-9.800000	0.001196	0.421094	
-9.800000	0.001794	0.574219	
-9.800000	0.001794	0.574219	
-9.800000	0.001794	0.421094	
-9.800000	0.001196	0.421094	
-9.800000	0.001196	0.421094	
-9.800000	0.001794	0.574219	
-9.800000	0.001794	0.574219	
-9.800000	0.001794	0.574219	
-9.800000	0.001794	0.574219	
-9.800000	0.001794	0.574219	
-9.800000	0.001794	0.574219	
-9.800000	0.001794	0.574219	
-9.800000	0.001794	0.574219	
-9.800000	0.001794	0.574219	
-9.800000	0.001794	0.574219	
-9.800000	0.001794	0.574219	
-9.800000	0.001794	0.574219	
-9.800000	0.001794	0.574219	
-9.800000	0.001794	0.421094	
-9.800000	0.001196	0.574219	
-9.800000	0.001794	0.421094	
-9.647473	0.001196	0.574219	
-9.647473	-0.151331	0.574219	
-9.647473	0.001794	0.421094	
-9.800000	0.001196	0.574219	
-9.800000	0.001794	0.421094	
-9.800000	0.001196	0.574219	
-9.800000	0.001794	0.574219	
-9.800000	0.001196	0.574219	
-9.800000	0.001794	0.574219	
-9.800000	0.001794	0.421094	
-9.800000	0.001196	0.574219	
-9.800000	0.001794	0.574219	
-9.800000	0.001794	0.574219	
-9.800000	0.001794	0.574219	
-9.800000	0.001794	0.574219	
-9.800000	0.001196	0.421094	
-9.800000	0.001196	0.421094	
-9.800000	0.001196	0.574219	
-9.800000	0.001794	0.574219	
-9.800000	0.001794	0.574219	
-9.800000	0.001794	0.574219	
-9.800000	0.001794	0.574219	
-9.800000	0.001794	0.574219	
-9.800000	0.001794	0.574219	
-9.800000	0.001794	0.574219	
-9.800000	0.001794	0.574219	
-9.800000	0.001794	0.574219	
-9.800000	0.001794	0.574219	
-9.800000	0.001794	0.574219	
-9.800000	0.001794	0.421094	
-9.800000	0.001196	0.421094	
-9.800000	0.001196	0.574219	
-9.800000	0.001794	0.574219	
-9.800000	0.001794	0.574219	
-9.800000	0.001196	0.421094	
-9.800000	0.001196	0.574219	
-9.800000	0.001794	0.574219	
-9.800000	0.001794	0.421094	
-9.800000	0.001196	0.421094	
-9.800000	0.001794	0.421094	
-9.800000	0.001196	0.574219	
-9.800000	0.001794	0.574219	
-9.647473	0.001794	0.574219	
-9.800000	0.001794	0.574219	
-9.800000	0.001794	0.421094	
-9.800000	0.001794	0.574219	
-9.800000	0.001794	0.421094	
-9.800000	0.001196	0.574219	
-9.800000	0.001196	0.421094	
-9.800000	0.001196	0.421094	
-9.800000	0.001196	0.421094	
-9.800000	0.001196	0.574219	
-9.800000	0.001794	0.574219	
-9.800000	0.001794	0.574219	
-9.800000	0.001794	0.574219	
-9.800000	0.001794	0.574219	
-9.800000	0.001794	0.574219	
-9.800000	0.001794	0.574219	
-9.800000	0.001794	0.574219	
-9.800000	0.001794	0.574219	
-9.800000	0.001794	0.574219	
-9.800000	0.001196	0.421094	
-9.800000	0.001196	0.421094	
-9.800000	0.001196	0.421094	
-9.800000	0.001196	0.574219	
-9.800000	0.001794	0.574219	
-9.800000	0.001794	0.421094	
-9.800000	0.001794	0.574219	
-9.800000	0.001794	0.574219	
-9.800000	0.001794	0.574219	
-9.800000	0.001794	0.574219	
-9.800000	0.001196	0.574219	
-9.800000	0.001794	0.574219	
-9.800000	0.001794	0.574219	
-9.800000	0.001794	0.574219	
-9.800000	0.001794	0.574219	
-9.800000	0.001794	0.574219	
-9.800000	0.001794	0.421094	
-9.800000	0.001196	0.421094	
-9.800000	0.001794	0.574219	
-9.800000	0.000598	0.267969	
-9.800000	0.001196	0.421094	
-9.800000	0.001196	0.574219	
-9.800000	0.001794	0.574219	
-9.800000	0.001794	0.421094	
-9.800000	0.001196	0.421094	
-9.800000	0.001196	0.421094	
-9.800000	0.001794	0.574219	
-9.800000	0.001794	0.574219	
-9.800000	0.001794	0.574219	
-9.800000	0.001794	0.574219	
-9.800000	0.001196	0.574219	
-9.800000	0.001794	0.574219	
-9.800000	0.001794	0.574219	
-9.800000	0.001794	0.574219	
-9.800000	0.001794	0.574219	
-9.800000	0.001794	0.574219	
-9.800000	-0.151331	0.421094	
-9.800000	0.001196	0.421094	
-9.800000	0.000598	0.421094	
-9.799402	0.001794	0.574219	
-9.800000	0.001794	0.574219	
-9.800598	-0.151331	0.727344	
-9.799402	0.002393	0.727344	
-9.647473	-0.151331	1.186719	
-9.497937	-1.230981	-3.713879	
-10.567419	0.145349	-0.502441	
-11.331250	-0.001794	-0.504236	
-11.179321	-0.157910	-1.726843	
-10.259375	0.297278	-2.182031	
-9.796412	1.219617	-0.956433	
-9.188098	0.142358	-2.639612	
-9.335840	1.524670	-1.873389	
-9.336438	0.141760	-3.249719	
-7.812964	-0.930115	-2.478711	
-7.199866	-0.317615	-3.091809	
-7.656250	0.904395	-3.858032	
-7.500134	0.290100	-4.469336	
-7.658044	-0.633435	-6.309228	
-7.506116	-0.638220	-6.306238	
-6.894812	-1.250720	-6.461157	
-8.121607	-1.405041	-7.226184	
-6.589160	-1.101184	-7.221399	
-5.671008	-1.406836	-7.372729	
-5.825330	-1.868005	-7.832703	
-5.827124	-1.869800	-8.444605	
1.222009	-0.648987	-9.643885	
0.764429	0.420496	-9.951929	
0.309839	0.879272	-9.489563	
1.228589	1.037183	-9.336438	
0.921741	0.727942	-9.643286	
0.768616	0.881067	-9.797009	
0.768018	0.574219	-9.797009	
0.767419	0.421094	-9.643885	
0.614294	0.574817	-9.492554	
0.154919	0.575415	-9.646276	
0.155518	0.723755	-11.330652	
0.155518	0.571228	-10.258179	
0.001794	0.419897	-9.953723	
-0.305054	0.420496	-9.647473	
-0.612500	0.114844	-9.649267	
-0.458777	0.420496	-9.801196	
-0.303857	0.881067	-9.497339	
-1.068884	0.727344	-9.649267	
-0.457581	0.420496	-9.801794	
-0.458179	0.420496	-9.801794	
-0.458179	0.420496	-9.801196	
-0.305054	0.573621	-9.801196	
-0.305054	0.420496	-9.801196	
-0.304456	0.573621	-9.801196	
-0.305054	0.420496	-9.801196	
-0.305054	0.420496	-9.801196	
-0.305054	0.420496	-9.801196	
-0.151929	0.420496	-9.800598	
-0.151929	0.574219	-9.647473	
-0.151331	0.573621	-9.800598	
-0.151331	0.573621	-9.800598	
-0.151331	0.573621	-9.800598	
-0.151331	0.573621	-9.800598	
-0.151331	0.574219	-9.647473	
-0.151331	0.574219	-9.800000	
0.001196	0.421094	-9.800000	
-0.151331	0.573621	-9.953125	
0.001794	0.573621	-9.800000	
0.001794	0.574219	-9.800000	
0.001196	0.421094	-9.800000	
0.001196	0.421094	-9.800000	
0.001196	0.421094	-9.800000	
0.001196	0.420496	-9.800000	
0.001196	0.420496	-9.953125	
0.001196	0.420496	-9.953125	
0.001196	0.421094	-9.800000	
0.001196	0.421094	-9.800000	
0.001196	0.421094	-9.800000	
0.001794	0.574219	-9.800000	
0.001794	0.421094	-9.953125	
0.001196	0.420496	-9.800000	
0.001196	0.421094	-9.800000	
0.001196	0.421094	-9.800000	
0.001196	0.421094	-9.800000	
0.001196	0.421094	-9.800000	
0.001196	0.421094	-9.800000	
0.001196	0.421094	-9.953125	
0.001196	0.420496	-9.800000	
0.001196	0.421094	-9.800000	
0.001196	0.421094	-9.800000	
0.001196	0.421094	-9.800000	
0.001196	0.421094	-9.800000	
0.001196	0.421094	-9.800000	
0.001196	0.421094	-9.800000	
0.001196	0.421094	-9.800000	
0.001196	0.574219	-9.800000	
0.001794	0.574219	-9.800000	
0.001794	0.421094	-9.800000	
0.001196	0.421094	-9.800000	
0.001196	0.574219	-9.800000	
0.001196	0.421094	-9.800000	
0.001196	0.421094	-9.800000	
0.001196	0.421094	-9.800000	
0.001196	0.421094	-9.800000	
0.001196	0.421094	-9.800000	
0.001196	0.421094	-9.800000	
0.001196	0.421094	-9.800000	
0.001196	0.421094	-9.800000	
0.001196	0.421094	-9.800000	
0.001196	0.421094	-9.800000	
0.001196	0.420496	-9.800000	
0.001196	0.421094	-9.800000	
0.001196	0.421094	-9.800000	
0.001196	0.421094	-9.800000	
0.001794	0.573621	-9.800000	
0.001794	0.574219	-9.800000	
0.001196	0.574219	-9.800000	
0.001794	0.574219	-9.800000	
0.001794	0.574219	-9.800000	
0.001794	0.421094	-9.800000	
0.001196	0.421094	-9.800000	
0.001196	0.421094	-9.800000	
0.001196	0.421094	-9.800000	
0.001196	0.421094	-9.800000	
0.001196	0.421094	-9.800000	
0.001196	0.421094	-9.800000	
0.001196	0.421094	-9.800000	
0.001196	0.421094	-9.800000	
0.001196	0.574219	-9.800000	
0.001794	0.574219	-9.800000	
0.001794	0.574219	-9.800000	
0.001794	0.574219	-9.800000	
0.001794	0.574219	-9.800000	
0.001196	0.574219	-9.800000	
0.001794	0.574219	-9.800000	
0.001794	0.421094	-9.800000	
0.001196	0.421094	-9.800000	
0.001196	0.421094	-9.800000	
0.001196	0.421094	-9.800000	
0.001794	0.574219	-9.800000	
0.001794	0.574219	-9.800000	
0.001794	0.574219	-9.800000	
0.001794	0.574219	-9.800000	
0.001794	0.574219	-9.800000	
0.001794	0.574219	-9.800000	
0.001794	0.574219	-9.800000	
0.001794	0.574219	-9.800000	
0.001794	0.574219	-9.800000	
0.001794	0.574219	-9.800000	
0.001794	0.574219	-9.800000	
0.001196	0.421094	-9.800000	
0.001196	0.574219	-9.800000	
0.001794	0.574219	-9.800000	
0.001794	0.574219	-9.800000	
0.001794	0.574219	-9.800000	
0.001794	0.574219	-9.800000	
0.001794	0.574219	-9.800000	
0.001794	0.574219	-9.800000	
0.001794	0.574219	-9.800000	
0.001794	0.574219	-9.800000	
0.001794	0.574219	-9.800000	
0.001196	0.574219	-9.800000	
0.001794	0.574219	-9.800000	
0.001794	0.574219	-9.800000	
0.001794	0.574219	-9.800000	
0.001794	0.574219	-9.800000	
0.001794	0.574219	-9.647473	
-0.151331	0.574219	-9.800000	
0.001794	0.574219	-9.800000	
0.001794	0.574219	-9.800000	
0.001794	0.574219	-9.800000	
0.001794	0.574219	-9.800000	
0.001794	0.574219	-9.800000	
0.001794	0.574219	-9.800000	
0.001794	0.574219	-9.800000	
0.001794	0.574219	-9.800000	
0.001794	0.574219	-9.800000	
0.001794	0.574219	-9.800000	
0.001794	0.574219	-9.800000	
0.001794	0.574219	-9.800000	
0.001794	0.574219	-9.800000	
0.001794	0.574219	-9.800000	
0.001794	0.574219	-9.800000	
0.001794	0.574219	-9.800000	
0.001794	0.574219	-9.800000	
0.001794	0.574219	-9.800000	
0.001794	0.421094	-9.800000	
0.001794	0.574219	-9.800000	
0.001794	0.574219	-9.800000	
0.001794	0.574219	-9.800000	
0.001794	0.574219	-9.800000	
0.001794	0.574219	-9.800000	
0.001794	0.574219	-9.800000	
0.154919	0.574817	-9.800000	
0.001794	0.574219	-9.800000	
0.001794	0.574219	-9.800000	
0.001794	0.574219	-9.800000	
0.001794	0.574219	-9.800000	
0.001196	0.421094	-9.800000	
0.001794	0.574219	-9.800000	
0.001794	0.574219	-9.800000	
0.001794	0.574219	-9.647473	
0.001794	0.574219	-9.800000	
0.001794	0.574219	-9.800000	
0.001794	0.574219	-9.800000	
0.001794	0.574219	-9.800000	
0.001794	0.574219	-9.800000	
0.001794	0.574219	-9.800000	
0.001794	0.574219	-9.800000	
0.001794	0.574219	-9.800000	
0.001794	0.574219	-9.800000	
0.001794	0.574219	-9.800000	
0.001794	0.574219	-9.800000	
0.001794	0.574219	-9.800000	
0.001794	0.574219	-9.800000	
0.001794	0.574219	-9.800000	
0.001794	0.574219	-9.800000	
0.001794	0.421094	-9.800000	
0.001794	0.574219	-9.800000	
0.001794	0.574219	-9.800000	
0.001794	0.574219	-9.800000	
0.001794	0.574219	-9.800000	
0.001794	0.574219	-9.800000	
0.001794	0.574219	-9.800000	
0.001794	0.574219	-9.800000	
0.001794	0.574219	-9.800000	
0.001794	0.574219	-9.800000	
-0.151331	0.574219	-9.647473	
-0.151331	0.574219	-9.800000	
0.001794	0.574219	-9.800000	
0.001794	0.574219	-9.800000	
0.001794	0.574219	-9.800000	
0.001794	0.574219	-9.800000	
0.001794	0.574219	-9.800000	
0.001794	0.574219	-9.800000	
0.001794	0.267969	-10.108045	
-0.306250	-0.040076	-10.568018	
-1.071875	0.263184	-9.954920	
-0.306848	0.574817	-9.649866	
-0.609509	0.420496	-9.802393	
0.435449	-6.618469	-8.420080	
0.431860	-7.227380	-7.043750	
0.277539	-6.759631	-4.285108	
0.739307	-7.056909	-2.600134	
1.347620	-8.123401	-1.678992	
1.497156	-8.888428	-1.831519	
1.648486	-9.194677	-1.678394	
1.647290	-9.346606	-1.678992	
1.494165	-9.193481	-1.372742	
1.801013	-9.346008	-1.370947	
1.799817	-9.499133	-1.372144	
1.494763	-9.193481	-1.219617	
1.494165	-9.496740	-0.760840	
1.340442	-9.496142	-0.607715	
1.340442	-9.649267	-0.607117	
1.492969	-9.649267	-0.607715	
1.339844	-9.495544	-0.454590	
1.187317	-9.494946	-0.302063	
1.187915	-9.493750	0.157312	
1.187317	-9.646276	0.004785	
1.187317	-9.646276	0.004187	
1.340442	-9.648071	-0.302063	
1.187317	-9.493750	0.157312	
1.034790	-9.646276	0.003589	
0.881067	-9.492554	0.614893	
0.881665	-9.493152	0.004187	
1.187915	-9.493750	0.157312	
1.187317	-9.493750	0.004785	
1.342236	-9.188098	0.004187	
1.034790	-9.492554	0.309241	
0.881067	-9.645679	0.309839	
1.034790	-9.338831	0.769214	
0.881665	-9.643286	0.768616	
0.881067	-9.644483	0.462964	
1.034790	-9.491358	0.616089	
1.034790	-9.491358	0.616089	
1.034790	-9.491358	0.616089	
1.034790	-9.491358	0.462964	
1.034790	-9.491956	0.462964	
1.034790	-9.491358	0.616089	
1.034790	-9.490759	0.922339	
1.034192	-9.642688	1.075464	
0.728540	-9.490759	0.921143	
0.728540	-9.490161	0.921143	
0.728540	-9.490161	0.921143	
0.728540	-9.490161	0.921143	
0.728540	-9.490759	0.768018	
0.728540	-9.490161	0.921143	
0.728540	-9.490161	0.921143	
0.728540	-9.643286	0.921143	
0.727942	-9.643286	0.921143	
0.727942	-9.643885	0.767419	
0.574817	-9.490759	0.767419	
0.575415	-9.490759	0.767419	
0.728540	-9.490759	0.768018	
0.575415	-9.490759	0.767419	
0.575415	-9.490759	0.767419	
0.575415	-9.490759	0.614294	
0.575415	-9.491358	0.767419	
0.575415	-9.490759	0.766821	
0.575415	-9.490759	0.767419	
0.422290	-9.490759	0.766821	
0.422290	-9.490759	0.766821	
0.422290	-9.490759	0.613696	
0.422290	-9.491358	0.613696	
0.422290	-9.491358	0.613696	
0.422290	-9.491358	0.613696	
0.422290	-9.491358	0.613696	
0.422290	-9.491358	0.613696	
0.422290	-9.491358	0.613696	
0.422290	-9.491358	0.766821	
0.422290	-9.490759	0.613098	
0.269165	-9.491358	0.613696	
0.422290	-9.491358	0.613696	
0.268567	-9.644483	0.613098	
0.269165	-9.491358	0.766223	
0.269165	-9.490759	0.766223	
0.269165	-9.491358	0.613098	
0.269165	-9.644483	0.613098	
0.268567	-9.491358	0.459973	
0.269165	-9.491956	0.613098	
0.269165	-9.491358	0.613098	
0.269165	-9.491358	0.613098	
0.269165	-9.491358	0.613098	
0.269165	-9.491358	0.613098	
0.269165	-9.491358	0.613098	
0.269165	-9.491358	0.613098	
0.269165	-9.491358	0.613098	
0.269165	-9.491358	0.613098	
0.269165	-9.491358	0.613098	
0.269165	-9.491358	0.613098	
0.269165	-9.491358	0.613098	
0.269165	-9.491358	0.613098	
0.269165	-9.490759	0.766223	
0.269165	-9.491358	0.613098	
0.269165	-9.491358	0.613098	
0.269165	-9.491358	0.613098	
0.269165	-9.491358	0.613098	
0.269165	-9.491358	0.613098	
0.269165	-9.491358	0.613098	
0.269165	-9.491358	0.613098	
0.269165	-9.491358	0.613098	
0.269165	-9.491358	0.766223	
0.269165	-9.490759	0.613098	
0.269165	-9.491358	0.613098	
0.269165	-9.491358	0.766223	
0.269165	-9.490759	0.613098	
0.269165	-9.491358	0.612500	
0.116040	-9.491358	0.613098	
0.269165	-9.491358	0.613098	
0.269165	-9.491358	0.613098	
0.269165	-9.491358	0.612500	
0.269165	-9.491358	0.613098	
0.269165	-9.491358	0.613098	
0.116040	-9.491358	0.612500	
0.116040	-9.491358	0.612500	
0.116040	-9.491358	0.612500	
0.116040	-9.491358	0.612500	
0.116040	-9.491358	0.612500	
0.269165	-9.491358	0.613098	
0.269165	-9.491358	0.766223	
0.269165	-9.490759	0.613098	
0.116040	-9.491358	0.765625	
0.116040	-9.490759	0.612500	
0.116040	-9.490759	0.765625	
0.269165	-9.491358	0.766223	
0.116040	-9.490759	0.612500	
0.269165	-9.491358	0.613098	
0.116040	-9.490759	0.766223	
0.269165	-9.490759	0.765625	
0.116040	-9.490759	0.765625	
0.116040	-9.490759	0.765625	
0.269165	-9.490759	0.766223	
0.116040	-9.490759	0.765625	
0.116040	-9.490759	0.765625	
0.116040	-9.490759	0.765625	
0.116040	-9.490759	0.765625	
0.116040	-9.490759	0.765625	
0.116040	-9.490759	0.765625	
0.116040	-9.490759	0.765625	
0.116040	-9.490759	0.766223	
0.269165	-9.490759	0.766223	
0.269165	-9.490759	0.766223	
0.269165	-9.491358	0.766223	
0.116040	-9.490759	0.612500	
0.116040	-9.338232	0.612500	
0.116040	-9.490759	0.765625	
0.116040	-9.490759	0.765625	
0.116040	-9.491358	0.766223	
0.116040	-9.490759	0.765625	
0.269165	-9.490759	0.766223	
0.116040	-9.490759	0.765625	
0.116040	-9.490759	0.765625	
0.116040	-9.490759	0.765625	
0.116040	-9.490759	0.766223	
0.116040	-9.490759	0.765625	
0.116040	-9.338232	0.612500	
0.269763	-9.490759	0.766223	
0.269165	-9.490759	0.766223	
0.116638	-9.337634	0.766223	
0.269763	-9.337634	0.766223	
0.269165	-9.490759	0.766223	
0.269165	-9.337634	0.766223	
0.116638	-9.337634	0.765625	
0.116638	-9.337634	0.765625	
0.116638	-9.490759	0.765625	
0.116040	-9.337634	0.765625	
0.269763	-9.337634	0.766223	
0.269763	-9.490759	0.766223	
0.269165	-9.490759	0.765625	
0.116638	-9.337634	0.765625	
0.116638	-9.337634	0.765625	
0.116638	-9.337634	0.765625	
0.116638	-9.337634	0.765625	
0.116638	-9.337634	0.765625	
0.269763	-9.337634	0.766223	
0.269763	-9.490759	0.765625	
0.116040	-9.490759	0.765625	
0.116040	-9.337634	0.765625	
0.116638	-9.337634	0.765625	
0.116638	-9.490759	0.765625	
0.116040	-9.490759	0.765625	
0.116638	-9.337634	0.765625	
0.116638	-9.337634	0.765625	
0.116638	-9.337634	0.765625	
0.269763	-9.337634	0.766223	
0.269763	-9.337634	0.766223	
0.116638	-9.337634	0.765625	
0.116638	-9.337634	0.765625	
0.269763	-9.490759	0.765625	
0.116040	-9.337634	0.765625	
0.116638	-9.337634	0.766223	
0.116638	-9.337634	0.765625	
0.116638	-9.337634	0.765625	
0.269763	-9.337634	0.766223	
0.116638	-9.337634	0.765625	
0.116638	-9.337634	0.765625	
0.116638	-9.337634	0.765625	
0.116638	-9.337634	0.765625	
0.116638	-9.337634	0.765625	
0.269763	-9.337634	0.766223	
0.269763	-9.337634	0.766223	
0.269763	-9.337634	0.766223	
0.269763	-9.337634	0.765625	
0.116638	-9.337634	0.765625	
0.116638	-9.337634	0.765625	
0.116638	-9.337634	0.766223	
0.116638	-9.337634	0.765625	
0.116638	-9.337634	0.765625	
0.116638	-9.337634	0.765625	
0.116638	-9.337634	0.918750	
0.269763	-9.337036	0.766223	
0.116638	-9.337634	0.918750	
0.269763	-9.337634	0.765625	
0.116638	-9.337634	0.918750	
0.116638	-9.337634	0.765625	
0.116638	-9.337634	0.765625	
0.116638	-9.337634	0.765625	
0.269763	-9.337634	0.766223	
0.269763	-9.337634	0.766223	
0.269763	-9.337036	0.919348	
0.116638	-9.337634	0.765625	
0.269763	-9.337634	0.766223	
0.269763	-9.337634	0.766223	
0.269763	-9.337634	0.766223	
0.269763	-9.337634	0.766223	
0.116638	-9.337634	0.918750	
0.269763	-9.337036	0.919348	
0.269763	-9.337036	0.919348	
0.269763	-9.337634	0.765625	
0.116638	-9.337634	0.765625	
0.116638	-9.337036	0.918750	
0.116638	-9.337036	0.918750	
0.116638	-9.337036	0.919348	
0.269763	-9.337036	0.919348	
0.269763	-9.337036	0.918750	
0.116638	-9.337036	0.765625	
0.116638	-9.337634	0.765625	
0.116638	-9.337036	0.918750	
0.116638	-9.337036	0.765625	
0.269763	-9.337634	0.918750	
0.116638	-9.337036	0.918750	
0.116638	-9.337036	0.919348	
0.269763	-9.337036	0.919348	
0.116638	-9.337036	0.918750	
0.116638	-9.337036	0.918750	
0.116638	-9.337036	0.918750	
0.116638	-9.337036	0.919348	
0.269763	-9.337036	0.919348	
0.269763	-9.337036	0.918750	
0.116638	-9.337036	0.918750	
0.116638	-9.337036	0.919348	
0.116638	-9.337634	0.765625	
0.269763	-9.337634	0.766223	
0.116638	-9.337634	0.918750	
0.116638	-9.337036	0.918750	
0.116638	-9.337036	0.765625	
0.116638	-9.337634	0.765625	
0.116638	-9.337036	0.918750	
0.116638	-9.337036	0.918750	
0.116638	-9.337036	0.918750	
0.116638	-9.337634	0.918750	
0.116638	-9.337036	0.918750	
0.116638	-9.337036	0.918750	
0.116638	-9.337036	0.918750	
0.116638	-9.337036	0.918750	
0.116638	-9.337634	0.765625	
0.116638	-9.337634	0.765625	
0.116638	-9.337634	0.918750	
0.269763	-9.337036	0.919348	
0.269763	-9.337036	0.919348	
0.269763	-9.337634	0.918750	
0.116638	-9.337036	0.765625	
0.116638	-9.337634	0.765625	
0.116638	-9.337036	0.918750	
0.116638	-9.337036	0.918750	
0.116638	-9.337036	0.919348	
0.269763	-9.337036	0.765625	
0.116638	-9.337634	0.765625	
0.116638	-9.337634	0.918750	
0.116638	-9.337036	0.918750	
0.116638	-9.337036	0.918750	
0.269763	-9.337036	0.919348	
0.116638	-9.337036	0.765625	
0.116638	-9.337634	0.918750	
0.116638	-9.337036	0.919348	
0.269763	-9.337036	0.919348	
0.116638	-9.337036	0.765625	
0.269763	-9.337036	0.919348	
0.116638	-9.337036	0.918750	
0.116638	-9.337036	0.918750	
0.269763	-9.337036	0.919348	
0.269763	-9.337634	0.919348	
0.269763	-9.337634	0.765625	
0.269763	-9.337634	0.765625	
0.116638	-9.337036	0.919348	
0.269763	-9.337036	0.919348	
0.269763	-9.337036	0.918750	
0.116638	-9.337036	0.918750	
0.116638	-9.337634	0.765625	
0.116638	-9.337634	0.765625	
0.116638	-9.337634	0.765625	
0.269763	-9.337634	0.766223	
0.116638	-9.337036	0.918750	
0.116638	-9.337036	0.918750	
0.116638	-9.337036	0.765625	
0.116638	-9.337634	0.765625	
0.116638	-9.337634	0.765625	
0.116638	-9.337036	0.918750	
0.116638	-9.337036	0.918750	
0.269763	-9.337036	0.919348	
0.269763	-9.337036	0.919348	
0.116638	-9.337036	0.918750	
0.116638	-9.337036	0.918750	
0.116638	-9.337036	0.918750	
0.269763	-9.337036	0.919348	
0.116638	-9.337036	0.918750	
0.116638	-9.490161	1.071277	
0.115442	-9.795813	1.072473	
0.267969	-9.794617	1.226196	
0.421692	-9.643286	0.613696	
0.422290	-9.647473	-0.303259	
1.031799	-10.261767	-0.916357	
1.027014	-12.099268	0.457581	
-0.503638	-10.411304	-0.148340	
2.415906	-7.812366	-1.524072	
0.887048	-7.665222	-3.212036	
1.195093	-7.367346	-5.355786	
0.583789	-7.065283	-5.665027	
0.586182	-6.453979	-5.816358	
1.046753	-5.994006	-5.507715	
1.507922	-5.839685	-5.353394	
2.119824	-6.452185	-5.502332	
2.730530	-5.534033	-5.351599	
1.357788	-5.687158	-5.965894	
2.273547	-5.843274	-6.881653	
3.099585	14.056396	-5.039368	
1.585681	12.535315	-6.887634	
0.504236	11.151807	-5.204455	
-0.260193	11.312109	-4.751062	
-0.879871	10.091296	-1.227991	
0.041272	11.029187	1.687366	
1.110156	8.895605	3.524866	
0.494067	8.579187	1.228589	
1.719067	8.737696	3.682776	
1.869800	8.134168	5.057910	
0.797327	7.982239	5.206848	
-0.122021	7.829712	5.511902	
0.030505	7.679578	6.432446	
0.643005	7.070068	6.894214	
-0.125610	7.685559	8.723340	
-1.043762	6.467139	9.645081	
-0.129797	6.315808	10.257581	
-0.739905	6.927112	7.346411	
-0.123218	7.982837	5.054919	
0.337354	5.537622	6.738696	
0.168079	8.295069	10.261169	
-0.102283	11.390467	14.850134	
-0.429468	6.323584	9.951929	
-2.759839	-2.281921	-1.088025	
-1.516895	3.838892	7.501929	
-0.291296	3.707300	8.725134	
-0.753662	3.404041	9.340027	
0.319409	2.946460	9.648071	
0.163293	2.181433	9.799402	
-0.759045	1.722058	9.645679	
0.617883	0.648987	9.651062	
0.769812	6.318799	10.871277	
-1.192102	4.178638	11.786438	
1.982849	-4.246826	9.814356	
1.984045	-0.267371	9.955518	
1.071277	-0.114844	9.802991	
1.226196	0.498254	9.958508	
0.919348	0.192004	9.956116	
0.613098	0.192004	9.955518	
0.459973	0.192004	9.801794	
0.613098	0.191406	9.802393	
0.459375	0.038879	9.954920	
0.459375	0.038879	9.954920	
0.459375	0.038281	9.801794	
0.459375	0.038879	9.954920	
0.459375	0.038879	9.954920	
0.459375	0.038879	9.954920	
0.459375	0.038879	9.954920	
0.459375	0.038879	9.801794	
0.459375	0.038281	9.801794	
0.459375	0.038879	9.954920	
0.459375	0.038879	9.954920	
0.459375	0.038879	9.801794	
0.306250	0.038281	9.801196	
0.306250	0.038879	9.801196	
0.306250	0.038281	9.801196	
0.306250	0.038281	9.801196	
0.306250	-0.114844	9.801196	
0.458777	-0.114844	9.801196	
0.458777	-0.114844	9.801196	
0.458777	-0.114844	9.801196	
0.458777	-0.114844	9.801196	
0.458777	-0.114844	9.801196	
0.458777	0.038281	9.801196	
0.306250	-0.114844	9.801196	
0.458777	-0.114844	9.801196	
0.458777	-0.114844	9.801196	
0.458777	-0.114844	9.801196	
0.458777	-0.114844	9.800598	
0.458777	-0.114844	9.801196	
0.458777	-0.114844	9.954321	
0.458777	-0.114246	9.954321	
0.458777	-0.114246	9.954321	
0.458777	-0.114844	9.801196	
0.458777	-0.114844	9.801196	
0.458777	-0.114844	9.801196	
0.458777	-0.114844	9.801196	
0.458777	-0.114844	9.801196	
0.458777	-0.114844	9.801196	
0.458777	-0.114844	9.801196	
0.458777	-0.114844	9.954321	
0.458777	-0.114246	9.954321	
0.458777	-0.114246	9.801196	
0.458777	-0.114844	9.801196	
0.458777	-0.114246	9.801196	
0.458777	-0.114844	9.801196	
0.458777	-0.114844	9.801196	
0.458777	-0.114844	9.801196	
0.458777	-0.114844	9.801196	
0.458777	-0.114844	9.801196	
0.458777	-0.114844	9.801196	
0.458777	-0.114844	9.801196	
0.458777	-0.114844	9.801196	
0.458777	-0.114844	9.801196	
0.458777	-0.114844	9.801196	
0.458777	-0.114844	9.801196	
0.458777	-0.114844	9.801196	
0.458777	-0.114844	9.801196	
0.458777	-0.114844	9.801196	
0.458777	-0.114844	9.954321	
0.458777	-0.114246	9.801196	
0.458777	-0.114844	9.801196	
0.458777	-0.114844	9.801196	
0.458777	-0.114844	9.801196	
0.458777	-0.114844	9.801196	
0.458777	-0.114844	9.801196	
0.458777	-0.114844	9.801196	
0.458777	-0.114844	9.801196	
0.458777	-0.114844	9.801196	
0.458777	-0.114844	9.801196	
0.458777	-0.114844	9.801196	
0.458777	-0.114844	9.801196	
0.458777	-0.114844	9.801196	
0.458777	-0.114844	9.801196	
0.458777	-0.114844	9.801196	
0.458777	-0.114844	9.801196	
0.458777	-0.114844	9.801196	
0.458777	-0.114844	9.801196	
0.458777	-0.114844	9.801196	
0.458777	-0.114844	9.801196	
0.305652	-0.114844	9.800598	
0.458777	-0.114844	9.801196	
0.458777	-0.114844	9.801196	
0.458777	-0.114844	9.801196	
0.458777	-0.114844	9.801196	
0.458777	-0.114844	9.801196	
0.458777	-0.114844	9.801196	
0.458777	-0.114844	9.801196	
0.458777	-0.114844	9.800598	
0.305652	-0.114844	9.800598	
0.305652	-0.114844	9.801196	
0.458777	-0.114844	9.801196	
0.458777	-0.114844	9.801196	
0.458777	-0.114844	9.801196	
0.458777	-0.114844	9.801196	
0.305652	-0.114844	9.800598	
0.458777	-0.114844	9.801196	
0.458777	-0.114844	9.801196	
0.305652	-0.114844	9.800598	
0.305652	-0.114844	9.801196	
0.458777	-0.114844	9.801196	
0.458777	-0.114844	9.801196	
0.458777	-0.114844	9.801196	
0.458777	-0.114844	9.801196	
0.458777	-0.114844	9.801196	
0.458777	-0.114844	9.801196	
0.458777	-0.114844	9.801196	
0.458777	-0.114844	9.801196	
0.305652	-0.114844	9.800598	
0.305652	-0.268567	9.800000	
0.305652	-0.114844	9.800598	
0.305652	-0.114844	9.801196	
0.458777	-0.114844	9.800598	
0.305652	-0.114844	9.800598	
0.305652	-0.114844	9.800598	
0.458777	-0.114844	9.801196	
0.458777	-0.114844	9.801196	
0.458777	-0.114844	9.801196	
0.458777	-0.114844	9.801196	
0.305652	-0.114844	9.647473	
0.458777	-0.115442	9.801196	
0.458777	-0.114844	9.801196	
0.458777	-0.114844	9.800598	
0.458777	-0.114844	9.801196	
0.458777	-0.114844	9.801196	
0.458777	-0.114844	9.801196	
0.305652	-0.114844	9.800598	
0.305652	-0.114844	9.801196	
0.458777	-0.114246	9.801196	
0.458777	-0.114844	9.801196	
0.458777	-0.114844	9.801196	
0.458777	-0.114844	9.801196	
0.458777	-0.114844	9.648071	
0.458777	-0.115442	9.801196	
0.458777	-0.114844	9.801196	
0.458777	-0.114844	9.801196	
0.458777	-0.114844	9.801196	
0.305652	-0.114844	9.800598	
0.305652	-0.114844	9.800598	
0.305652	-0.114844	9.800598	
0.305652	-0.114844	9.801196	
0.458777	-0.114844	9.801196	
0.458777	-0.114844	9.800598	
0.458777	-0.114844	9.800598	
0.305652	-0.114844	9.800598	
0.305054	-0.267969	9.800000	
0.151929	-0.267969	9.800598	
0.305054	-0.114844	9.800598	
0.305054	-0.114844	9.800598	
0.306250	0.038281	9.801794	
0.306250	-0.114844	9.952527	
-0.001196	-0.114844	9.798803	
-0.000598	-0.268567	9.646875	
0.305652	-0.114844	9.800598	
0.305652	-0.267969	9.800598	
0.458179	-0.267969	9.800598	
0.305054	-0.267969	9.800598	
0.305652	-0.114844	9.800598	
0.305652	-0.114844	9.800598	
0.305652	-0.267969	9.800598	
0.457581	-0.267969	9.801196	
0.458179	-0.267969	9.800598	
0.305054	-0.267969	9.800598	
0.305652	-0.267969	9.800598	
0.305054	-0.267969	9.800598	
0.305652	-0.114844	9.800598	
0.305652	-0.267969	9.800598	
0.305054	-0.267969	9.800598	
0.305054	-0.114844	9.800598	
0.305652	-0.114844	9.800598	
0.305054	-0.267969	9.800598	
0.305054	-0.267969	9.800598	
0.305054	-0.267969	9.800598	
0.305054	-0.267969	9.800598	
0.305054	-0.267969	9.800598	
0.305054	-0.114844	9.800598	
0.305652	-0.114844	9.800598	
0.305652	-0.114844	9.647473	
0.305652	-0.114844	9.800598	
0.305652	-0.114844	9.800598	
0.305652	-0.114844	9.800598	
0.305054	-0.267969	9.800598	
0.305652	-0.114844	9.800598	
0.305652	-0.267969	9.800598	
0.305054	-0.267969	9.800598	
0.305054	-0.267969	9.800598	
0.305054	-0.267969	9.800598	
0.305054	-0.267969	9.800598	
0.305652	-0.114844	9.800598	
0.305054	-0.267969	9.800000	
0.305054	-0.267969	9.800598	
0.305054	-0.114844	9.800598	
0.305054	-0.267969	9.800598	
0.305054	-0.267969	9.800598	
0.305054	-0.114844	9.800598	
0.305652	-0.114844	9.801196	
0.458777	-0.114844	9.801196	
0.458777	-0.114844	9.801196	
0.458777	-0.114844	9.801196	
0.458777	-0.114844	9.801196	
0.458777	-0.114844	9.801196	
0.458777	-0.114844	9.800598	
0.305652	-0.114844	9.800598	
0.305652	-0.114844	9.801196	
0.458777	-0.114844	9.801196	
0.458777	-0.114844	9.801196	
0.305652	-0.114844	9.801196	
0.305652	-0.114844	9.800598	
0.305652	-0.115442	9.647473	
0.305652	-0.115442	9.647473	
0.305652	-0.114844	9.800598	
0.305652	-0.114844	9.800598	
0.305054	-0.114844	9.800598	
0.305054	-0.267969	9.647473	
0.305054	-0.268567	9.647473	
0.305652	-0.114844	9.800598	
0.305652	-0.268567	9.800598	
0.305652	-0.114844	9.800598	
0.305652	-0.115442	9.800598	
0.305652	-0.267969	9.800598	
0.305054	-0.114844	9.800598	
0.305054	-0.267969	9.800598	
0.305054	-0.267969	9.800598	
0.305652	-0.114844	9.800598	
0.305652	-0.114844	9.800598	
0.305652	-0.115442	9.800598	
0.305652	-0.115442	9.800598	
0.305054	-0.267969	9.800598	
0.305054	-0.267969	9.800598	
0.305652	-0.114844	9.647473	
0.305652	-0.115442	9.648071	
0.305652	-0.115442	9.800598	
0.305652	-0.114844	9.800598	
0.305652	-0.114844	9.800598	
0.305652	-0.114844	9.801196	
0.458777	-0.114844	9.800598	
0.305652	-0.114844	9.801196	
0.305652	-0.114844	9.800598	
0.305652	-0.114844	9.800598	
0.305652	-0.114844	9.800598	
0.305652	-0.114844	9.800598	
0.305652	-0.114844	9.800598	
0.305652	-0.114844	9.800598	
0.305652	-0.267969	9.800598	
0.305652	-0.114844	9.800598	
0.305652	-0.114844	9.800598	
0.305652	-0.114844	9.800598	
0.305652	-0.114844	9.800598	
0.305652	-0.115442	9.800598	
0.305652	-0.114844	9.800598	
0.305054	-0.267969	9.800598	
0.305652	-0.114844	9.800598	
0.305652	-0.114844	9.800598	
0.305652	-0.114844	9.800598	
